1.000000000 0.000000000 0.000000000 0.000000000 0.000000000 1.000000000 0.000000000 0.000000000 0.000000000 0.000000000 1.000000000 0.000000000
0.999999940 -0.000314771 0.000159517 -0.203335017 0.000314532 0.999998808 0.001494678 -0.029251857 -0.000159987 -0.001494628 0.999998868 1.335690856
0.999999046 -0.001374793 -0.000271081 -0.398119509 0.001375233 0.999997735 0.001632686 -0.066730537 0.000268836 -0.001633057 0.999998629 2.658218622
0.999996781 -0.002520252 -0.000309821 -0.595422924 0.002520455 0.999996603 0.000657298 -0.100812376 0.000308164 -0.000658076 0.999999702 3.989378214
0.999997556 -0.002210868 -0.000002175 -0.794651210 0.002210869 0.999997377 0.000360177 -0.128747061 0.000001379 -0.000360181 0.999999940 5.330968857
0.999994934 -0.003180620 -0.000252364 -0.982135892 0.003181001 0.999993742 0.001523325 -0.173034430 0.000247518 -0.001524120 0.999998748 6.666406631
0.999989688 -0.004546168 -0.000124919 -1.183216810 0.004546549 0.999984384 0.003250145 -0.213147312 0.000110141 -0.003250679 0.999994695 8.012373924
0.999991655 -0.004058013 -0.000229987 -1.378283501 0.004058807 0.999985397 0.003565624 -0.252130866 0.000215514 -0.003566528 0.999993622 9.348937035
0.999994099 -0.003356672 -0.000620027 -1.573649645 0.003357701 0.999992967 0.001667105 -0.285225987 0.000614426 -0.001669177 0.999998450 10.697441101
0.999999523 -0.000791617 -0.000407022 -1.784087420 0.000791315 0.999999344 -0.000740383 -0.330635995 0.000407607 0.000740060 0.999999642 12.038041115
0.999995470 0.003004629 -0.000028011 -1.990993023 -0.003004688 0.999992490 -0.002448307 -0.364062548 0.000020655 0.002448380 0.999997020 13.384579659
0.999988019 0.004895760 -0.000044488 -2.192013979 -0.004895852 0.999985158 -0.002385157 -0.414325088 0.000032810 0.002385347 0.999997139 14.748192787
0.999983370 0.005777918 -0.000056988 -2.389456272 -0.005778007 0.999981880 -0.001701973 -0.452764690 0.000047153 0.001702274 0.999998510 16.119276047
0.999993384 0.003635155 0.000197145 -2.586349726 -0.003635447 0.999992251 0.001500842 -0.497539371 -0.000191687 -0.001501549 0.999998868 17.489379883
0.999999762 -0.000657100 0.000133950 -2.778162479 0.000656541 0.999991298 0.004132243 -0.535715222 -0.000136664 -0.004132155 0.999991477 18.853231430
0.999995053 -0.003142354 -0.000086966 -2.978533030 0.003142551 0.999992192 0.002368799 -0.572532833 0.000079522 -0.002369060 0.999997139 20.225019455
0.999992847 -0.003762848 0.000005139 -3.181993723 0.003762848 0.999992907 0.000078367 -0.606005549 -0.000005434 -0.000078347 1.000000000 21.586597443
0.999998927 -0.001336446 0.000622520 -3.385740042 0.001337615 0.999997318 -0.001880395 -0.645304859 -0.000620006 0.001881226 0.999998093 22.942295074
0.999997199 0.001572395 0.001752018 -3.597424507 -0.001572193 0.999998748 -0.000117166 -0.690518737 -0.001752200 0.000114411 0.999998391 24.309938431
0.999994755 0.002401545 0.002204548 -3.801588535 -0.002409015 0.999991298 0.003392128 -0.723659515 -0.002196382 -0.003397421 0.999991834 25.683118820
0.999996483 0.000598148 0.002590002 -3.997998714 -0.000611375 0.999986768 0.005109310 -0.750853240 -0.002586912 -0.005110877 0.999983609 27.075195312
0.999986470 -0.004763998 0.002089291 -4.189238071 0.004754313 0.999978065 0.004615758 -0.800108433 -0.002111234 -0.004605761 0.999987185 28.471153259
0.999985218 -0.004957268 0.002243715 -4.391662598 0.004951996 0.999984980 0.002349270 -0.833173096 -0.002255328 -0.002338124 0.999994695 29.856296539
0.999980927 -0.005456000 0.002867145 -4.595071316 0.005456152 0.999985099 -0.000045176 -0.874523878 -0.002866855 0.000060819 0.999995887 31.241420746
0.999991417 -0.002374985 0.003390815 -4.793124199 0.002378972 0.999996483 -0.001172112 -0.917883933 -0.003388020 0.001180169 0.999993563 32.636138916
0.999991655 -0.000897715 0.003970237 -5.003087997 0.000911778 0.999993324 -0.003541669 -0.961736441 -0.003967031 0.003545259 0.999985874 34.036663055
0.999992669 -0.000054148 0.003833434 -5.200928688 0.000066233 0.999995053 -0.003152425 -1.001204610 -0.003833245 0.003152656 0.999987721 35.441539764
0.999994338 -0.000508834 0.003367361 -5.391294479 0.000513363 0.999998987 -0.001344201 -1.056094289 -0.003366674 0.001345922 0.999993443 36.858505249
0.999995112 0.000949905 0.002981234 -5.594347477 -0.000948945 0.999999523 -0.000323339 -1.092094660 -0.002981539 0.000320508 0.999995589 38.269405365
0.999988914 0.003428429 0.003223242 -5.809203625 -0.003427353 0.999994040 -0.000339247 -1.138143063 -0.003224387 0.000328196 0.999994755 39.680084229
0.999977231 0.005769930 0.003498108 -6.021347046 -0.005766486 0.999982893 -0.000993866 -1.179377437 -0.003503782 0.000973672 0.999993384 41.098865509
0.999962270 0.007992831 0.003397696 -6.229331970 -0.007989845 0.999967694 -0.000891439 -1.217776299 -0.003404711 0.000864258 0.999993742 42.521228790
0.999957025 0.008728372 0.003116363 -6.438632965 -0.008725072 0.999961376 -0.001070726 -1.255262733 -0.003125588 0.001043490 0.999994576 43.942512512
0.999965131 0.007876476 0.002772605 -6.645398140 -0.007873802 0.999968588 -0.000974230 -1.297677159 -0.002780191 0.000952366 0.999995708 45.362331390
0.999974132 0.006948619 0.001850056 -6.848584175 -0.006946353 0.999975145 -0.001228916 -1.341526031 -0.001858550 0.001216033 0.999997556 46.815338135
0.999975562 0.006933150 0.000894062 -7.056755543 -0.006932041 0.999975264 -0.001238053 -1.377718210 -0.000902624 0.001231826 0.999998868 48.250839233
0.999970019 0.007735628 0.000288475 -7.274388790 -0.007735626 0.999970078 -0.000004432 -1.423184395 -0.000288501 0.000002200 0.999999940 49.707191467
0.999967217 0.008064233 -0.000696902 -7.487864971 -0.008064836 0.999967039 -0.000867081 -1.456338167 0.000689887 0.000872673 0.999999344 51.133171082
0.999960780 0.008716412 -0.001570510 -7.709478378 -0.008716915 0.999962032 -0.000313339 -1.499980927 0.001567719 0.000327017 0.999998689 52.564147949
0.999965012 0.007928624 -0.002666016 -7.931440830 -0.007925509 0.999967873 0.001176739 -1.552933335 0.002675260 -0.001155569 0.999995768 54.007633209
0.999974251 0.006324716 -0.003402410 -8.146017075 -0.006317209 0.999977589 0.002213178 -1.589607954 0.003416331 -0.002191627 0.999991834 55.458068848
0.999979615 0.005078646 -0.003873545 -8.361886024 -0.005068327 0.999983609 0.002669118 -1.631471276 0.003887037 -0.002649431 0.999988914 56.912906647
0.999986649 0.002840703 -0.004314697 -8.580726624 -0.002831273 0.999993622 0.002189915 -1.669710040 0.004320890 -0.002177670 0.999988258 58.352489471
0.999988377 0.002446367 -0.004187251 -8.803373337 -0.002435537 0.999993682 0.002589568 -1.711293340 0.004193561 -0.002579340 0.999987900 59.781761169
0.999992609 0.001463257 -0.003553369 -9.022017479 -0.001451447 0.999993384 0.003323983 -1.747294426 0.003558210 -0.003318801 0.999988258 61.225131989
0.999993205 -0.001156780 -0.003508217 -9.228444099 0.001173042 0.999988556 0.004636956 -1.790576458 0.003502813 -0.004641040 0.999983013 62.657436371
0.999992549 -0.002407337 -0.003026643 -9.443348885 0.002420760 0.999987245 0.004439398 -1.829370022 0.003015917 -0.004446691 0.999985576 64.085304260
0.999987125 -0.004261599 -0.002735729 -9.651901245 0.004272939 0.999982238 0.004152777 -1.873337865 0.002717983 -0.004164414 0.999987662 65.515647888
0.999990284 -0.003861125 -0.002137836 -9.863467216 0.003868767 0.999986112 0.003581914 -1.911556363 0.002123976 -0.003590150 0.999991298 66.937286377
0.999996126 -0.002495980 -0.001245338 -10.077069283 0.002499975 0.999991715 0.003216078 -1.951126575 0.001237301 -0.003219179 0.999994040 68.364280701
0.999999106 0.000959724 -0.000889406 -10.287730217 -0.000956227 0.999991834 0.003924975 -1.990149379 0.000893165 -0.003924121 0.999991894 69.786079407
0.999990880 0.004263659 -0.000068532 -10.505180359 -0.004263296 0.999980152 0.004628811 -2.027840137 0.000088266 -0.004628476 0.999989271 71.200180054
0.999965072 0.008335778 0.000651344 -10.721009254 -0.008338663 0.999954820 0.004563820 -2.065251350 -0.000613271 -0.004569093 0.999989331 72.631378174
0.999916553 0.012837427 0.001418860 -10.940049171 -0.012842220 0.999911666 0.003421137 -2.097647190 -0.001374815 -0.003439073 0.999993086 74.044662476
0.999870002 0.015972324 0.002211837 -11.150758743 -0.015977597 0.999869525 0.002386623 -2.133582354 -0.002173428 -0.002421653 0.999994755 75.457046509
0.999836564 0.017852619 0.002850327 -11.369466782 -0.017858719 0.999838233 0.002129487 -2.181946993 -0.002811849 -0.002180042 0.999993622 76.869338989
0.999827862 0.018281018 0.003166217 -11.575447083 -0.018288240 0.999830127 0.002266541 -2.218172312 -0.003124245 -0.002324055 0.999992371 78.284576416
0.999851942 0.016868360 0.003392476 -11.780563354 -0.016876169 0.999854982 0.002286544 -2.255874157 -0.003353414 -0.002343457 0.999991655 79.675094604
0.999874592 0.015527778 0.003110223 -11.975081444 -0.015533294 0.999877810 0.001756928 -2.296783686 -0.003082562 -0.001805020 0.999993622 81.073051453
0.999890268 0.014595549 0.002589120 -12.171367645 -0.014600048 0.999891877 0.001727142 -2.334453821 -0.002563631 -0.001764753 0.999995172 82.477584839
0.999889314 0.014684996 0.002399499 -12.375028610 -0.014689173 0.999890625 0.001732258 -2.368954659 -0.002373798 -0.001767313 0.999995589 83.875793457
0.999899685 0.014049396 0.001792231 -12.577698708 -0.014052057 0.999900162 0.001480802 -2.410464764 -0.001771248 -0.001505838 0.999997318 85.279525757
0.999892116 0.014648218 0.001091249 -12.784427643 -0.014649832 0.999891579 0.001485655 -2.446499109 -0.001069369 -0.001501481 0.999998271 86.672302246
0.999902487 0.013961220 0.000235900 -12.993073463 -0.013961791 0.999899149 0.002611439 -2.488557577 -0.000199418 -0.002614477 0.999996543 88.074874878
0.999928296 0.011930946 -0.001022455 -13.196318626 -0.011926951 0.999921501 0.003829875 -2.526599646 0.001068069 -0.003817406 0.999992132 89.490348816
0.999952257 0.009495073 -0.002306291 -13.397992134 -0.009484321 0.999944329 0.004629736 -2.560697794 0.002350122 -0.004607641 0.999986649 90.887741089
0.999970615 0.007010404 -0.003103405 -13.601854324 -0.006993816 0.999961376 0.005323770 -2.599716187 0.003140607 -0.005301910 0.999980986 92.272407532
0.999978542 0.005551469 -0.003478260 -13.813667297 -0.005534278 0.999972522 0.004933042 -2.631757259 0.003505549 -0.004913687 0.999981701 93.658195496
0.999981165 0.004945193 -0.003621794 -14.027904510 -0.004928941 0.999977946 0.004482552 -2.667806864 0.003643881 -0.004464617 0.999983370 95.026359558
0.999979675 0.005156809 -0.003764567 -14.231115341 -0.005143300 0.999980330 0.003589353 -2.698032379 0.003783002 -0.003569918 0.999986410 96.406860352
0.999978006 0.005491893 -0.003722191 -14.442738533 -0.005480124 0.999979973 0.003164738 -2.742236853 0.003739497 -0.003144270 0.999988079 97.792243958
0.999974370 0.006241737 -0.003540765 -14.650930405 -0.006232184 0.999976933 0.002702400 -2.785000086 0.003557551 -0.002680264 0.999990106 99.155364990
0.999968290 0.007218805 -0.003366746 -14.858243942 -0.007210336 0.999970794 0.002520658 -2.817226648 0.003384844 -0.002496303 0.999991179 100.526031494
0.999963820 0.007939870 -0.003085297 -15.067668915 -0.007927423 0.999960482 0.004025756 -2.856981039 0.003117139 -0.004001152 0.999987125 101.877182007
0.999956727 0.008899686 -0.002729322 -15.276415825 -0.008884690 0.999945581 0.005458151 -2.896753073 0.002777749 -0.005433666 0.999981403 103.213783264
0.999962211 0.008171411 -0.002976139 -15.477990150 -0.008160010 0.999959350 0.003823144 -2.929573536 0.003007258 -0.003798715 0.999988258 104.605316162
0.999957860 0.008734195 -0.002829211 -15.681397438 -0.008730566 0.999961019 0.001292171 -2.959544420 0.002840387 -0.001267417 0.999995172 105.962593079
0.999969363 0.007228732 -0.002973537 -15.883545876 -0.007227797 0.999973774 0.000324349 -3.002501965 0.002975804 -0.000302847 0.999995530 107.283103943
0.999981582 0.005179504 -0.003166192 -16.080873489 -0.005174768 0.999985516 0.001502698 -3.036194324 0.003173930 -0.001486286 0.999993801 108.626686096
0.999992609 0.002928064 -0.002483619 -16.282842636 -0.002918175 0.999987841 0.003976306 -3.076392174 0.002495231 -0.003969029 0.999989033 109.981018066
0.999996960 0.001774803 -0.001719916 -16.477384567 -0.001767006 0.999988198 0.004524043 -3.108569145 0.001727925 -0.004520990 0.999988317 111.327484131
0.999998987 0.000778308 -0.001181754 -16.672447205 -0.000773977 0.999993145 0.003660661 -3.153379440 0.001184595 -0.003659743 0.999992609 112.670944214
0.999995649 0.002889616 -0.000451033 -16.873311996 -0.002889294 0.999995589 0.000711879 -3.182707548 0.000453088 -0.000710573 0.999999642 114.015853882
0.999986768 0.005049267 0.000915205 -17.076650620 -0.005047730 0.999985874 -0.001675028 -3.228599787 -0.000923650 0.001670386 0.999998152 115.336883545
0.999965847 0.008034110 0.001944610 -17.269935608 -0.008030367 0.999965906 -0.001924715 -3.269314289 -0.001960008 0.001909034 0.999996185 116.675109863
0.999950409 0.009330910 0.003473960 -17.470579147 -0.009329667 0.999956429 -0.000373188 -3.306473970 -0.003477292 0.000340759 0.999993920 118.025642395
0.999943316 0.009631470 0.004534005 -17.662443161 -0.009638876 0.999952257 0.001614234 -3.340303183 -0.004518242 -0.001657845 0.999988437 119.368385315
0.999949098 0.008571725 0.005318175 -17.854261398 -0.008584937 0.999960065 0.002466219 -3.381130695 -0.005296823 -0.002511749 0.999982834 120.711837769
0.999940455 0.008993291 0.006184398 -18.040439606 -0.009003399 0.999958098 0.001608250 -3.411633253 -0.006169675 -0.001663835 0.999979556 122.051841736
0.999914885 0.010734284 0.007420215 -18.229717255 -0.010741580 0.999941885 0.000944002 -3.449067831 -0.007409650 -0.001023627 0.999971986 123.388237000
0.999881446 0.012746949 0.008632378 -18.422885895 -0.012749478 0.999918640 0.000237906 -3.484344006 -0.008628641 -0.000347936 0.999962628 124.750701904
0.999861181 0.013822058 0.009305544 -18.611125946 -0.013810257 0.999903679 -0.001330891 -3.511904478 -0.009323045 0.001202194 0.999955773 126.121726990
0.999833584 0.014733311 0.010759317 -18.804948807 -0.014713575 0.999889910 -0.001911099 -3.558856964 -0.010786290 0.001752473 0.999940217 127.469963074
0.999843180 0.013332752 0.011652123 -18.987358093 -0.013313298 0.999909878 -0.001745386 -3.597726107 -0.011674344 0.001589985 0.999930561 128.819931030
0.999834061 0.013332479 0.012412365 -19.172782898 -0.013323634 0.999910891 -0.000795064 -3.637902737 -0.012421859 0.000629554 0.999922633 130.174209595
0.999845684 0.011569591 0.013215811 -19.363782883 -0.011574790 0.999932885 0.000316916 -3.672441244 -0.013211259 -0.000469838 0.999912679 131.544967651
0.999845862 0.011079015 0.013614315 -19.546545029 -0.011086968 0.999938428 0.000508849 -3.709460735 -0.013607836 -0.000659712 0.999907196 132.887649536
0.999868333 0.008881749 0.013581137 -19.730344772 -0.008893423 0.999960184 0.000799362 -3.742765665 -0.013573497 -0.000920040 0.999907494 134.254150391
0.999881744 0.007594150 0.013366556 -19.912752151 -0.007618807 0.999969304 0.001794743 -3.784725189 -0.013352516 -0.001896369 0.999909043 135.614074707
0.999905407 0.005783330 0.012477727 -20.090175629 -0.005804069 0.999981761 0.001626514 -3.818561554 -0.012468095 -0.001698782 0.999920785 136.978515625
0.999920487 0.004952829 0.011598328 -20.283624649 -0.004973334 0.999986112 0.001739695 -3.857362032 -0.011589550 -0.001797238 0.999931216 138.342971802
0.999937534 0.003206370 0.010704322 -20.469909668 -0.003234158 0.999991417 0.002579705 -3.887903452 -0.010695960 -0.002614164 0.999939322 139.715011597
0.999951839 0.002282183 0.009536454 -20.654558182 -0.002310958 0.999992788 0.003007387 -3.932400227 -0.009529522 -0.003029281 0.999949992 141.094909668
0.999963522 0.002215447 0.008245930 -20.841093063 -0.002238995 0.999993443 0.002847529 -3.965155602 -0.008239567 -0.002865888 0.999961972 142.454574585
0.999971032 0.002382223 0.007216694 -21.038446426 -0.002397199 0.999994993 0.002067162 -3.997872591 -0.007211733 -0.002084403 0.999971867 143.806518555
0.999977708 0.001912973 0.006394594 -21.239013672 -0.001925486 0.999996185 0.001951367 -4.044312477 -0.006390837 -0.001963636 0.999977648 145.179428101
0.999982715 -0.000318661 0.005871302 -21.437099457 0.000319345 1.000000000 -0.000115445 -4.083936691 -0.005871266 0.000117318 0.999982774 146.528259277
0.999972343 -0.005971711 0.004433103 -21.615232468 0.005970996 0.999982119 0.000174561 -4.122153282 -0.004434067 -0.000148086 0.999990165 147.914245605
0.999906719 -0.013164151 0.003633170 -21.801595688 0.013151985 0.999907970 0.003352486 -4.157998562 -0.003676968 -0.003304390 0.999987781 149.257766724
0.999808371 -0.019477075 0.001939658 -21.987272263 0.019465586 0.999793768 0.005776478 -4.194739819 -0.002051767 -0.005737615 0.999981463 150.631652832
0.999739707 -0.022791980 0.001017185 -22.175373077 0.022789111 0.999736428 0.002749160 -4.229803562 -0.001079576 -0.002725264 0.999995708 151.978927612
0.999750316 -0.022300547 0.001416383 -22.374368668 0.022300804 0.999751270 -0.000166789 -4.277913094 -0.001412311 0.000198334 0.999998987 153.354049683
0.999812424 -0.019245675 0.002191404 -22.574003220 0.019251309 0.999811292 -0.002581852 -4.323631763 -0.002141301 0.002623555 0.999994278 154.713562012
0.999825120 -0.018511739 0.002642752 -22.764976501 0.018519932 0.999823570 -0.003111120 -4.363348961 -0.002584694 0.003159520 0.999991655 156.072296143
0.999733031 -0.022852603 0.003406295 -22.959569931 0.022847103 0.999737561 0.001645633 -4.426146507 -0.003443008 -0.001567369 0.999992847 157.422225952
0.999615788 -0.027426796 0.004001777 -23.147747040 0.027407408 0.999612749 0.004821456 -4.461260319 -0.004132464 -0.004709925 0.999980390 158.778762817
0.999484241 -0.031910762 0.003602176 -23.328067780 0.031885851 0.999468684 0.006769560 -4.505352020 -0.003816284 -0.006651211 0.999970615 160.143493652
0.999426544 -0.033679701 0.003495369 -23.515270233 0.033654939 0.999409556 0.006916326 -4.538115501 -0.003726245 -0.006794723 0.999969959 161.507354736
0.999500215 -0.031287849 0.004511930 -23.708307266 0.031255104 0.999485850 0.007154183 -4.569912434 -0.004733448 -0.007009586 0.999964237 162.851516724
0.999614298 -0.027184952 0.005688441 -23.901256561 0.027152119 0.999614716 0.005771413 -4.608456135 -0.005843144 -0.005614734 0.999967217 164.216033936
0.999696553 -0.023765493 0.006474535 -24.095643997 0.023746297 0.999713421 0.003025803 -4.649040222 -0.006544590 -0.002871138 0.999974489 165.579879761
0.999758899 -0.020663338 0.007442119 -24.294189453 0.020647908 0.999784470 0.002144880 -4.687189102 -0.007484837 -0.001990698 0.999970078 166.933090210
0.999788642 -0.019122163 0.007551592 -24.482192993 0.019099141 0.999812722 0.003109293 -4.730177402 -0.007609635 -0.002964407 0.999966681 168.327713013
0.999822497 -0.017331041 0.007386979 -24.673795700 0.017313804 0.999847233 0.002390944 -4.768846989 -0.007427288 -0.002262623 0.999969840 169.708129883
0.999856651 -0.015465984 0.006875039 -24.869903564 0.015467303 0.999880254 -0.000138364 -4.810700417 -0.006872077 0.000244683 0.999976337 171.084548950
0.999905229 -0.012046002 0.006666150 -25.067916870 0.012067449 0.999922037 -0.003186487 -4.860824108 -0.006627246 0.003266628 0.999972701 172.467910767
0.999953687 -0.006783710 0.006817519 -25.273424149 0.006818706 0.999963582 -0.005123150 -4.907484055 -0.006782517 0.005169400 0.999963641 173.841552734
0.999972403 -0.002308815 0.007064478 -25.472616196 0.002341481 0.999986589 -0.004619290 -4.953454494 -0.007053720 0.004635703 0.999964356 175.236679077
0.999970019 0.000556181 0.007720969 -25.674114227 -0.000532936 0.999995291 -0.003012325 -5.000004292 -0.007722608 0.003008120 0.999965608 176.617828369
0.999968469 0.001608454 0.007768143 -25.870548248 -0.001599772 0.999998033 -0.001123640 -5.039222240 -0.007769935 0.001111177 0.999969184 178.015411377
0.999974251 -0.002024855 0.006900511 -26.059535980 0.002022030 0.999997854 0.000416429 -5.082705021 -0.006901339 -0.000402465 0.999976099 179.409271240
0.999977767 -0.004200507 0.005181291 -26.253534317 0.004196734 0.999990940 0.000738831 -5.120486736 -0.005184346 -0.000717070 0.999986291 180.802276611
0.999985337 -0.004366501 0.003208948 -26.451412201 0.004377254 0.999984801 -0.003351584 -5.165215015 -0.003194265 0.003365581 0.999989212 182.215972900
0.999993801 -0.002935244 0.001955980 -26.657773972 0.002950204 0.999966085 -0.007689786 -5.211157322 -0.001933343 0.007695508 0.999968469 183.618652344
0.999997079 0.001931969 0.001391858 -26.875097275 -0.001919344 0.999957502 -0.009015710 -5.259253502 -0.001409216 0.009013012 0.999958336 185.042266846
0.999984801 0.005410873 0.001146239 -27.084754944 -0.005400863 0.999948680 -0.008564350 -5.308932304 -0.001192521 0.008558028 0.999962628 186.454864502
0.999969006 0.007722360 0.001508657 -27.297975540 -0.007713850 0.999954700 -0.005567036 -5.355559349 -0.001551579 0.005555226 0.999983370 187.874114990
0.999966919 0.007919863 0.001846981 -27.505941391 -0.007913602 0.999962986 -0.003372963 -5.402556419 -0.001873626 0.003358235 0.999992609 189.285812378
0.999969840 0.007533136 0.001895424 -27.711849213 -0.007528382 0.999968469 -0.002503191 -5.441120625 -0.001914222 0.002488846 0.999995053 190.708480835
0.999980152 0.006022617 0.001839654 -27.915567398 -0.006018633 0.999979496 -0.002164021 -5.476301670 -0.001852650 0.002152906 0.999995887 192.136947632
0.999992728 0.003279255 0.001940855 -28.127843857 -0.003277643 0.999994278 -0.000833493 -5.529686928 -0.001943577 0.000827126 0.999997735 193.558715820
0.999996841 0.000989565 0.002308831 -28.333168030 -0.000987668 0.999999106 -0.000822661 -5.562515736 -0.002309643 0.000820378 0.999997020 194.986373901
0.999993801 -0.002404994 0.002580085 -28.536403656 0.002402292 0.999996543 0.001050018 -5.614829540 -0.002582602 -0.001043813 0.999996126 196.427520752
0.999975562 -0.006491884 0.002596241 -28.733308792 0.006484144 0.999974549 0.002978848 -5.651732445 -0.002615514 -0.002961940 0.999992192 197.885559082
0.999953270 -0.009201283 0.002958496 -28.931442261 0.009191646 0.999952435 0.003254412 -5.690260887 -0.002988300 -0.003227066 0.999990344 199.297531128
0.999965370 -0.007684902 0.003195548 -29.139019012 0.007688096 0.999969959 -0.000988109 -5.737475872 -0.003187859 0.001012642 0.999994338 200.737136841
0.999992311 -0.000013782 0.003945427 -29.358680725 0.000042696 0.999973059 -0.007328487 -5.777172565 -0.003945221 0.007328598 0.999965310 202.176025391
0.999940336 0.009342064 0.005651894 -29.583871841 -0.009292146 0.999918163 -0.008794867 -5.825195789 -0.005733593 0.008741823 0.999945343 203.611145020
0.999839604 0.016597563 0.006718150 -29.800992966 -0.016557707 0.999845207 -0.005946186 -5.879128933 -0.006815802 0.005833994 0.999959707 205.078979492
0.999819219 0.017480537 0.007485586 -30.010826111 -0.017452253 0.999840379 -0.003827364 -5.924753666 -0.007551296 0.003696031 0.999964654 206.517837524
0.999850631 0.015811840 0.006968890 -30.214624405 -0.015789058 0.999869823 -0.003312270 -5.966400623 -0.007020357 0.003201743 0.999970257 207.974533081
0.999902070 0.012758112 0.005734997 -30.416809082 -0.012742136 0.999914944 -0.002813506 -6.009481430 -0.005770404 0.002740155 0.999979615 209.442001343
0.999920726 0.011560290 0.004973098 -30.623414993 -0.011543551 0.999927640 -0.003381451 -6.051830292 -0.005011829 0.003323777 0.999981940 210.916152954
0.999923706 0.011522903 0.004436789 -30.831790924 -0.011504749 0.999925435 -0.004095483 -6.093729496 -0.004483650 0.004044128 0.999981761 212.386306763
0.999903798 0.013223248 0.004188997 -31.044408798 -0.013206738 0.999904990 -0.003945059 -6.141520500 -0.004240766 0.003889357 0.999983370 213.870559692
0.999880731 0.014785075 0.004465944 -31.264213562 -0.014769599 0.999884784 -0.003478627 -6.182463169 -0.004516861 0.003412252 0.999983966 215.342727661
0.999900937 0.013509684 0.003945810 -31.474962234 -0.013494739 0.999901772 -0.003789931 -6.231741428 -0.003996623 0.003736309 0.999985039 216.839889526
0.999908268 0.013091935 0.003473039 -31.684003830 -0.013075948 0.999903917 -0.004586741 -6.279216766 -0.003532755 0.004540906 0.999983430 218.312728882
0.999915898 0.012511472 0.003401947 -31.906324387 -0.012494542 0.999909639 -0.004953150 -6.326933384 -0.003463611 0.004910226 0.999981880 219.809341431
0.999911427 0.012981709 0.002925013 -32.119930267 -0.012966610 0.999902785 -0.005123019 -6.374671936 -0.002991234 0.005084638 0.999982595 221.302902222
0.999915600 0.012719610 0.002645935 -32.333923340 -0.012705862 0.999906003 -0.005149517 -6.424898624 -0.002711186 0.005115463 0.999983251 222.787277222
0.999916971 0.012676917 0.002301182 -32.550731659 -0.012664712 0.999906063 -0.005243505 -6.472444057 -0.002367437 0.005213927 0.999983609 224.293411255
0.999909043 0.013353514 0.001895731 -32.773983002 -0.013342969 0.999895990 -0.005470370 -6.520802021 -0.001968583 0.005444578 0.999983251 225.783157349
0.999908507 0.013417109 0.001714508 -32.995697021 -0.013406723 0.999892533 -0.005932308 -6.568135262 -0.001793919 0.005908778 0.999980927 227.306213379
0.999904990 0.013715867 0.001373128 -33.218559265 -0.013707787 0.999889672 -0.005729462 -6.616806030 -0.001451561 0.005710095 0.999982655 228.795471191
0.999916196 0.012887838 0.001187069 -33.437000275 -0.012880828 0.999900520 -0.005734853 -6.667701721 -0.001260860 0.005719081 0.999982774 230.313583374
0.999936104 0.011238498 0.001299356 -33.660556793 -0.011230890 0.999920487 -0.005720942 -6.715300083 -0.001363547 0.005705983 0.999982774 231.825027466
0.999944925 0.010398118 0.001370626 -33.879161835 -0.010390840 0.999932408 -0.005214415 -6.774079800 -0.001424754 0.005199886 0.999985397 233.337600708
0.999958575 0.008967781 0.001555525 -34.099330902 -0.008961260 0.999951243 -0.004149649 -6.825404644 -0.001592661 0.004135539 0.999990165 234.853393555
0.999956548 0.009173877 0.001615776 -34.322463989 -0.009167216 0.999949574 -0.004083828 -6.870986938 -0.001653159 0.004068838 0.999990284 236.366790771
0.999951065 0.009750969 0.001672145 -34.547542572 -0.009743373 0.999942422 -0.004492368 -6.921771526 -0.001715853 0.004475855 0.999988496 237.885513306
0.999941647 0.010575374 0.002189875 -34.776092529 -0.010563415 0.999929547 -0.005402666 -6.967941284 -0.002246856 0.005379219 0.999983013 239.406341553
0.999926209 0.011845625 0.002672237 -34.996383667 -0.011832396 0.999918044 -0.004912840 -7.014873981 -0.002730213 0.004880860 0.999984384 240.918701172
0.999923289 0.011962056 0.003217922 -35.212345123 -0.011953250 0.999924779 -0.002742061 -7.064398289 -0.003250481 0.002703385 0.999991000 242.434051514
0.999924839 0.011684604 0.003701728 -35.430622101 -0.011675933 0.999929011 -0.002355762 -7.109401226 -0.003728992 0.002312364 0.999990284 243.958175659
0.999912977 0.012376118 0.004579937 -35.653266907 -0.012356963 0.999914885 -0.004186905 -7.152724743 -0.004631365 0.004129946 0.999980688 245.468704224
0.999912083 0.012321066 0.004904504 -35.875503540 -0.012294578 0.999909878 -0.005394764 -7.207051277 -0.004970532 0.005333992 0.999973416 247.016723633
0.999898434 0.013241986 0.005266846 -36.097892761 -0.013215266 0.999899805 -0.005075874 -7.254743099 -0.005333533 0.005005755 0.999973178 248.553283691
0.999899864 0.013123692 0.005314988 -36.317054749 -0.013101940 0.999905646 -0.004106986 -7.301493168 -0.005368386 0.004036938 0.999977469 250.089508057
0.999898732 0.013295904 0.005075803 -36.536224365 -0.013277454 0.999905169 -0.003651450 -7.352361679 -0.005123872 0.003583687 0.999980450 251.625717163
0.999895036 0.013629724 0.004912766 -36.759708405 -0.013611804 0.999900579 -0.003663037 -7.401679039 -0.004962204 0.003595781 0.999981225 253.166061401
0.999873102 0.015081714 0.005149492 -36.979072571 -0.015063460 0.999880135 -0.003565624 -7.446561337 -0.005202650 0.003487602 0.999980390 254.708786011
0.999856174 0.016046863 0.005492996 -37.206775665 -0.016026866 0.999864817 -0.003664483 -7.499505520 -0.005551056 0.003575920 0.999978125 256.235290527
0.999840438 0.016972657 0.005559596 -37.426223755 -0.016951112 0.999848664 -0.003899607 -7.537093163 -0.005624942 0.003804744 0.999976873 257.784729004
0.999866605 0.015334202 0.005625220 -37.650371552 -0.015314977 0.999876797 -0.003444964 -7.586641312 -0.005677353 0.003358354 0.999978244 259.329498291
0.999889970 0.013707113 0.005671451 -37.870742798 -0.013695336 0.999903917 -0.002110444 -7.637028694 -0.005699835 0.002032538 0.999981701 260.892822266
0.999932051 0.010235300 0.005596833 -38.089786530 -0.010229386 0.999947071 -0.001084450 -7.680675983 -0.005607637 0.001027124 0.999983668 262.437652588
0.999942303 0.009254732 0.005456732 -38.307067871 -0.009245784 0.999955833 -0.001662822 -7.727372646 -0.005471879 0.001612275 0.999983728 263.992797852
0.999963343 0.007005657 0.004911991 -38.524055481 -0.006995755 0.999973416 -0.002029976 -7.775092602 -0.004926082 0.001995538 0.999985874 265.533233643
0.999966562 0.005676961 0.005888165 -38.751678467 -0.005676730 0.999983907 -0.000055965 -7.820426464 -0.005888388 0.000022538 0.999982655 267.079620361
0.999978304 0.002807784 0.005944605 -38.965923309 -0.002821620 0.999993324 0.002320445 -7.866994858 -0.005938050 -0.002337168 0.999979615 268.625305176
0.999980152 0.001863588 0.006025769 -39.184638977 -0.001872527 0.999997079 0.001478135 -7.904856682 -0.006022998 -0.001489389 0.999980748 270.186645508
0.999978840 0.001150318 0.006405666 -39.398281097 -0.001154734 0.999999106 0.000685799 -7.951587200 -0.006404871 -0.000693181 0.999979258 271.719635010
0.999974012 0.001715916 0.007000086 -39.615497589 -0.001720691 0.999998271 0.000676251 -7.999025822 -0.006998913 -0.000688278 0.999975264 273.270996094
0.999958396 0.003793749 0.008286155 -39.837299347 -0.003795997 0.999992788 0.000255533 -8.041425705 -0.008285125 -0.000286976 0.999965549 274.812194824
0.999940157 0.005856107 0.009235187 -40.050159454 -0.005853302 0.999982774 -0.000330806 -8.085566521 -0.009236965 0.000276730 0.999957323 276.365234375
0.999929726 0.006434101 0.009959041 -40.266033173 -0.006429445 0.999979198 -0.000499602 -8.135293961 -0.009962050 0.000435536 0.999950290 277.925872803
0.999909341 0.007476528 0.011199475 -40.481567383 -0.007465545 0.999971569 -0.001022008 -8.180069923 -0.011206798 0.000938305 0.999936700 279.473052979
0.999903142 0.007839919 0.011498172 -40.692440033 -0.007816881 0.999967337 -0.002047246 -8.218873024 -0.011513847 0.001957168 0.999931812 281.047943115
0.999893665 0.007625667 0.012429038 -40.906169891 -0.007591028 0.999967158 -0.002831695 -8.262019157 -0.012450226 0.002737045 0.999918759 282.621124268
0.999893546 0.006668210 0.012979102 -41.108772278 -0.006640678 0.999975562 -0.002163175 -8.312067986 -0.012993209 0.002076755 0.999913394 284.185455322
0.999891341 0.005555458 0.013649048 -41.314254761 -0.005541570 0.999984026 -0.001055148 -8.357683182 -0.013654693 0.000979396 0.999906242 285.757080078
0.999893725 0.004014008 0.014015757 -41.528049469 -0.004011363 0.999991953 -0.000216831 -8.411795616 -0.014016516 0.000160586 0.999901712 287.329254150
0.999896169 0.003645294 0.013950676 -41.733417511 -0.003608977 0.999990046 -0.002627577 -8.458108902 -0.013960117 0.002576957 0.999899209 288.904388428
0.999903083 0.002596463 0.013678261 -41.935443878 -0.002530875 0.999985278 -0.004810211 -8.503604889 -0.013690549 0.004775127 0.999894917 290.474548340
0.999914885 0.002888589 0.012718423 -42.145980835 -0.002827497 0.999984384 -0.004818764 -8.559484482 -0.012732144 0.004782393 0.999907434 292.060699463
0.999926627 0.001534093 0.012016868 -42.355834961 -0.001479440 0.999988556 -0.004555569 -8.608824730 -0.012023719 0.004537457 0.999917388 293.628356934
0.999937773 0.001286859 0.011081648 -42.576126099 -0.001230322 0.999986231 -0.005107156 -8.660190582 -0.011088066 0.005093205 0.999925494 295.211242676
0.999946356 0.001168017 0.010285019 -42.790912628 -0.001112058 0.999984562 -0.005444898 -8.713253975 -0.010291221 0.005433168 0.999932289 296.796081543
0.999953330 0.000402155 0.009653369 -43.007858276 -0.000355557 0.999988258 -0.004828413 -8.761293411 -0.009655197 0.004824756 0.999941766 298.388153076
0.999960780 0.000607537 0.008833110 -43.228183746 -0.000565292 0.999988496 -0.004784202 -8.814794540 -0.008835915 0.004779021 0.999949455 299.983062744
0.999969661 0.000203913 0.007789369 -43.450202942 -0.000177470 0.999994159 -0.003395297 -8.867265701 -0.007790015 0.003393812 0.999963880 301.585571289
0.999971867 0.002131450 0.007188757 -43.673885345 -0.002115011 0.999995112 -0.002293620 -8.917754173 -0.007193611 0.002278351 0.999971449 303.184509277
0.999965250 0.002268113 0.008011390 -43.898654938 -0.002250678 0.999995053 -0.002184574 -8.964810371 -0.008016304 0.002166468 0.999965549 304.772125244
0.999955714 0.002970882 0.008926988 -44.118309021 -0.002947194 0.999992132 -0.002665541 -9.009132385 -0.008934835 0.002639113 0.999956548 306.367156982
0.999955535 0.001708759 0.009271842 -44.337997437 -0.001683458 0.999994755 -0.002735993 -9.058359146 -0.009276470 0.002720262 0.999953270 307.973266602
0.999956369 -0.000249367 0.009329375 -44.554790497 0.000282719 0.999993563 -0.003573797 -9.103158951 -0.009328425 0.003576279 0.999950111 309.594299316
0.999951243 -0.001512715 0.009760841 -44.775009155 0.001566389 0.999983609 -0.005493568 -9.152039528 -0.009752371 0.005508590 0.999937236 311.220397949
0.999951363 -0.002198746 0.009615225 -44.999263763 0.002259186 0.999977708 -0.006279497 -9.210526466 -0.009601206 0.006300914 0.999934077 312.848358154
0.999971449 -0.001684151 0.007369238 -45.224586487 0.001739131 0.999970615 -0.007460705 -9.262189865 -0.007356457 0.007473308 0.999945045 314.502197266
0.999984920 -0.000358787 0.005499877 -45.461364746 0.000395261 0.999977946 -0.006632118 -9.327127457 -0.005497376 0.006634192 0.999962866 316.144317627
0.999985635 0.001242238 0.005197310 -45.695060730 -0.001221373 0.999991179 -0.004015777 -9.372841835 -0.005202252 0.004009372 0.999978423 317.782928467
0.999984264 -0.000968655 0.005509444 -45.920654297 0.000972130 0.999999285 -0.000628073 -9.428925514 -0.005508833 0.000633419 0.999984622 319.453887939
0.999982357 -0.001198560 0.005804535 -46.150764465 0.001198346 0.999999285 0.000040486 -9.476456642 -0.005804580 -0.000033529 0.999983132 321.089447021
0.999979496 -0.002414622 0.005928171 -46.387458801 0.002419273 0.999996781 -0.000777437 -9.532025337 -0.005926276 0.000791763 0.999982119 322.747131348
0.999975860 -0.002871158 0.006312373 -46.618007660 0.002879338 0.999995053 -0.001287314 -9.569658279 -0.006308645 0.001305458 0.999979258 324.388977051
0.999973118 -0.003113668 0.006639147 -46.845020294 0.003117607 0.999994993 -0.000583131 -9.629211426 -0.006637299 0.000603814 0.999977767 326.012390137
0.999971151 -0.003097960 0.006936538 -47.069866180 0.003101062 0.999995112 -0.000436469 -9.684526443 -0.006935152 0.000457967 0.999975860 327.650573730
0.999970973 -0.001400602 0.007498957 -47.299823761 0.001415935 0.999996901 -0.002039775 -9.735135078 -0.007496077 0.002050334 0.999969780 329.293945312
0.999966264 -0.000903292 0.008159554 -47.532711029 0.000921744 0.999997139 -0.002257905 -9.793833733 -0.008157489 0.002265350 0.999964178 330.940246582
0.999959767 -0.002230183 0.008685411 -47.754364014 0.002231696 0.999997497 -0.000164514 -9.843388557 -0.008685023 0.000183891 0.999962211 332.572296143
0.999954879 -0.003834487 0.008683257 -47.973125458 0.003825055 0.999991953 0.001102564 -9.896005630 -0.008687415 -0.001069300 0.999961674 334.196990967
0.999953687 -0.004330307 0.008594347 -48.201251984 0.004331958 0.999990523 -0.000173537 -9.947566986 -0.008593515 0.000210759 0.999963045 335.849914551
0.999960065 -0.002426606 0.008615847 -48.425903320 0.002432228 0.999996841 -0.000641951 -9.996189117 -0.008614263 0.000662881 0.999962687 337.486022949
0.999963284 -0.001188346 0.008484001 -48.656070709 0.001210346 0.999995947 -0.002588447 -10.051648140 -0.008480890 0.002598620 0.999960601 339.115539551
0.999967754 0.000735788 0.007994104 -48.887981415 -0.000688172 0.999981940 -0.005957593 -10.102097511 -0.007998344 0.005951900 0.999950290 340.742187500
0.999971807 0.001981875 0.007246808 -49.116100311 -0.001941288 0.999982417 -0.005603529 -10.157679558 -0.007257786 0.005589302 0.999958038 342.368835449
0.999975264 0.002782846 0.006467154 -49.346988678 -0.002768222 0.999993563 -0.002269007 -10.211702347 -0.006473428 0.002251048 0.999976516 343.991790771
0.999978602 0.003978170 0.005197213 -49.579128265 -0.003980158 0.999992013 0.000372109 -10.267800331 -0.005195692 -0.000392787 0.999986410 345.637481689
0.999982059 0.004603745 0.003839468 -49.809616089 -0.004600074 0.999988914 -0.000964840 -10.317574501 -0.003843867 0.000947161 0.999992192 347.249694824
0.999991477 0.003567528 0.002091756 -50.047092438 -0.003562501 0.999990761 -0.002401902 -10.364499092 -0.002100306 0.002394430 0.999994934 348.896850586
0.999997675 0.002136314 0.000215386 -50.277259827 -0.002136158 0.999997437 -0.000723751 -10.418792725 -0.000216932 0.000723289 0.999999642 350.520721436
0.999999523 0.000773936 -0.000423488 -50.518394470 -0.000774029 0.999999642 -0.000218335 -10.464168549 0.000423319 0.000218662 0.999999881 352.114990234
0.999998927 0.000572531 -0.001303483 -50.747425079 -0.000573784 0.999999285 -0.000961114 -10.519467354 0.001302931 0.000961861 0.999998689 353.764862061
0.999998808 0.000068179 -0.001538384 -50.988754272 -0.000070959 0.999998331 -0.001806787 -10.569671631 0.001538258 0.001806894 0.999997199 355.382141113
0.999998748 -0.000005944 -0.001591080 -51.231330872 0.000002804 0.999998033 -0.001972867 -10.618791580 0.001591088 0.001972860 0.999996781 356.987243652
0.999998510 -0.000447919 -0.001636206 -51.469047546 0.000444590 0.999997854 -0.002034523 -10.674363136 0.001637114 0.002033793 0.999996603 358.602813721
0.999997854 -0.001018276 -0.001795155 -51.707115173 0.001013636 0.999996126 -0.002584086 -10.726697922 0.001797779 0.002582261 0.999995053 360.201782227
0.999997675 -0.001360263 -0.001639505 -51.950023651 0.001354990 0.999993920 -0.003213386 -10.779417992 0.001643866 0.003211157 0.999993503 361.814575195
0.999997139 -0.001836923 -0.001508834 -52.191379547 0.001832624 0.999994218 -0.002845929 -10.831641197 0.001514053 0.002843155 0.999994814 363.411865234
0.999996901 -0.001776341 -0.001806354 -52.420989990 0.001769816 0.999991953 -0.003607549 -10.889511108 0.001812748 0.003604340 0.999991834 365.025115967
0.999994040 -0.002884500 -0.001911573 -52.656440735 0.002874851 0.999983191 -0.005031527 -10.939514160 0.001926055 0.005026002 0.999985516 366.620574951
0.999987304 -0.004571652 -0.002113644 -52.889183044 0.004565385 0.999985158 -0.002960484 -10.993815422 0.002127146 0.002950797 0.999993384 368.230529785
0.999982357 -0.005676529 -0.001757331 -53.131187439 0.005672775 0.999981582 -0.002133530 -11.045520782 0.001769410 0.002123523 0.999996185 369.838378906
0.999978185 -0.006276943 -0.002012699 -53.365188599 0.006271049 0.999976099 -0.002921327 -11.096109390 0.002030988 0.002908642 0.999993742 371.437957764
0.999987841 -0.004545890 -0.001914644 -53.600307465 0.004537886 0.999981046 -0.004164204 -11.143727303 0.001933538 0.004155465 0.999989510 373.042114258
0.999994040 -0.003285440 -0.001122325 -53.849010468 0.003281744 0.999989271 -0.003279907 -11.199626923 0.001133089 0.003276204 0.999993980 374.642578125
0.999996781 -0.002127750 -0.001326680 -54.079086304 0.002124327 0.999994338 -0.002576012 -11.255247116 0.001332153 0.002573186 0.999995828 376.252380371
0.999996483 -0.002206898 -0.001468540 -54.312709808 0.002202888 0.999993742 -0.002726889 -11.309731483 0.001474549 0.002723644 0.999995172 377.873291016
0.999997675 -0.001937172 -0.000968629 -54.550861359 0.001933476 0.999990880 -0.003802118 -11.361857414 0.000975986 0.003800237 0.999992251 379.468475342
0.999998152 -0.001534402 -0.001139934 -54.785671234 0.001529698 0.999990344 -0.004116271 -11.413744926 0.001146239 0.004114519 0.999990821 381.085723877
0.999999285 -0.001071908 -0.000535921 -55.025959015 0.001069558 0.999989867 -0.004366629 -11.466371536 0.000540596 0.004366052 0.999990344 382.693878174
0.999999821 0.000705487 0.000117046 -55.269100189 -0.000704928 0.999988675 -0.004711952 -11.517222404 -0.000120369 0.004711868 0.999988914 384.312194824
