1.000000000 0.000000000 0.000000000 0.000000000 0.000000000 1.000000000 0.000000000 0.000000000 0.000000000 0.000000000 1.000000000 0.000000000
0.999999940 -0.000405790 0.000105204 -0.202122718 0.000405623 0.999998689 0.001585181 -0.029791566 -0.000105847 -0.001585138 0.999998748 1.337295175
0.999999225 -0.001227818 -0.000276688 -0.399114430 0.001228313 0.999997556 0.001794646 -0.070317961 0.000274484 -0.001794985 0.999998271 2.664485455
0.999996543 -0.002604410 -0.000309309 -0.596568346 0.002604700 0.999996126 0.000940229 -0.105995022 0.000306860 -0.000941031 0.999999464 3.991713524
0.999996722 -0.002570721 -0.000003923 -0.796539426 0.002570724 0.999996245 0.000902300 -0.135729849 0.000001604 -0.000902307 0.999999642 5.339601994
0.999994099 -0.003433308 -0.000202116 -0.984948337 0.003433691 0.999992251 0.001923956 -0.178350776 0.000195509 -0.001924639 0.999998093 6.665812969
0.999988794 -0.004757686 -0.000057245 -1.184757710 0.004757860 0.999982357 0.003562273 -0.217417344 0.000040295 -0.003562505 0.999993682 8.011383057
0.999990523 -0.004330060 -0.000228766 -1.377547979 0.004330905 0.999983251 0.003835071 -0.252764553 0.000212156 -0.003836025 0.999992549 9.350105286
0.999993384 -0.003582526 -0.000519636 -1.575417995 0.003583539 0.999991596 0.001962422 -0.287309885 0.000512601 -0.001964272 0.999997914 10.701278687
0.999999583 -0.000948800 -0.000368620 -1.784467578 0.000948657 0.999999464 -0.000387191 -0.333162665 0.000368987 0.000386841 0.999999821 12.035949707
0.999996364 0.002698121 0.000073993 -1.992464185 -0.002697972 0.999994457 -0.001948378 -0.368265539 -0.000079249 0.001948171 0.999998152 13.382436752
0.999988794 0.004727244 -0.000064234 -2.190601826 -0.004727366 0.999986708 -0.002052490 -0.415532500 0.000054530 0.002052771 0.999997914 14.745964050
0.999983430 0.005757487 0.000113710 -2.390436649 -0.005757343 0.999982595 -0.001233672 -0.455484718 -0.000120811 0.001232997 0.999999225 16.113618851
0.999994278 0.003360711 0.000095221 -2.583354473 -0.003360885 0.999992549 0.001897670 -0.498510420 -0.000088843 -0.001897979 0.999998212 17.478008270
0.999999523 -0.000967058 0.000106788 -2.776018620 0.000966567 0.999989331 0.004505275 -0.535594702 -0.000111144 -0.004505169 0.999989927 18.842250824
0.999993742 -0.003503745 -0.000179681 -2.975178480 0.003504227 0.999990046 0.002751275 -0.572195053 0.000170040 -0.002751888 0.999996185 20.213453293
0.999991119 -0.004197868 -0.000199739 -3.176741838 0.004197979 0.999991059 0.000555904 -0.608794451 0.000197404 -0.000556737 0.999999821 21.565069199
0.999998271 -0.001762068 0.000514253 -3.381987333 0.001762788 0.999997497 -0.001402324 -0.647427082 -0.000511781 0.001403228 0.999998927 22.921495438
0.999998689 0.000738262 0.001445305 -3.591673613 -0.000738853 0.999999642 0.000408456 -0.693165183 -0.001445003 -0.000409523 0.999998868 24.283967972
0.999996662 0.001655803 0.001973724 -3.796481371 -0.001663818 0.999990344 0.004066280 -0.727403462 -0.001966972 -0.004069550 0.999989808 25.658805847
0.999997258 -0.000214834 0.002338217 -3.991040945 0.000200782 0.999981940 0.006008030 -0.756260812 -0.002339465 -0.006007544 0.999979198 27.055303574
0.999985039 -0.005106236 0.001950352 -4.188580513 0.005096293 0.999974132 0.005070162 -0.799159884 -0.001976191 -0.005060146 0.999985218 28.425521851
0.999984503 -0.005158789 0.002082274 -4.390367985 0.005152884 0.999982715 0.002830686 -0.831704021 -0.002096841 -0.002819913 0.999993801 29.810989380
0.999979138 -0.005855422 0.002737897 -4.594762325 0.005854039 0.999982715 0.000512393 -0.874171257 -0.002740850 -0.000496355 0.999996066 31.193418503
0.999990821 -0.002765557 0.003295550 -4.795091152 0.002767574 0.999995947 -0.000607341 -0.916408122 -0.003293857 0.000616456 0.999994397 32.582653046
0.999990463 -0.001786282 0.003987662 -5.007002354 0.001798441 0.999993742 -0.003047527 -0.957103908 -0.003982193 0.003054669 0.999987423 33.973438263
0.999992192 -0.000687308 0.003904141 -5.204280853 0.000698098 0.999995947 -0.002762975 -0.993932128 -0.003902225 0.002765678 0.999988556 35.377998352
0.999993503 -0.001004157 0.003466384 -5.399310589 0.001008019 0.999998868 -0.001112332 -1.046859026 -0.003465263 0.001115819 0.999993384 36.778186798
0.999995470 0.000207116 0.003022942 -5.602277756 -0.000207483 1.000000119 0.000120990 -1.085523605 -0.003022917 -0.000121617 0.999995470 38.192237854
0.999990046 0.002904590 0.003363950 -5.818390369 -0.002905111 0.999995768 0.000150032 -1.131219387 -0.003363499 -0.000159804 0.999994338 39.596702576
0.999981940 0.004912477 0.003454314 -6.024646282 -0.004911294 0.999987841 -0.000351083 -1.171659350 -0.003455997 0.000334112 0.999993980 41.006267548
0.999966800 0.007256089 0.003695445 -6.245748997 -0.007254293 0.999973536 -0.000498989 -1.211135983 -0.003698968 0.000472164 0.999993026 42.446502686
0.999963224 0.007818961 0.003541569 -6.455545425 -0.007815953 0.999969125 -0.000862303 -1.245918870 -0.003548202 0.000834590 0.999993324 43.867954254
0.999970973 0.007001885 0.003003981 -6.659562588 -0.007000911 0.999975443 -0.000334808 -1.295309544 -0.003006252 0.000313768 0.999995410 45.290386200
0.999980688 0.005793917 0.002233456 -6.863541603 -0.005793161 0.999983191 -0.000344573 -1.335726857 -0.002235414 0.000331628 0.999997437 46.716888428
0.999982297 0.005775263 0.001429125 -7.080554485 -0.005774505 0.999983191 -0.000534057 -1.377315521 -0.001432186 0.000525795 0.999998748 48.166904449
0.999979019 0.006449088 0.000688383 -7.292499542 -0.006449517 0.999979019 0.000623153 -1.416378617 -0.000684350 -0.000627579 0.999999523 49.601810455
0.999975741 0.006962359 -0.000290534 -7.512127399 -0.006962308 0.999975741 0.000175187 -1.456610322 0.000291747 -0.000173160 1.000000000 51.045558929
0.999972522 0.007297727 -0.001276595 -7.732608795 -0.007297349 0.999973357 0.000300455 -1.493939161 0.001278753 -0.000291131 0.999999166 52.501934052
0.999970853 0.007204901 -0.002547272 -7.949349880 -0.007201281 0.999973059 0.001427558 -1.536076546 0.002557488 -0.001409172 0.999995768 53.943996429
0.999979258 0.005648252 -0.003085128 -8.169880867 -0.005640235 0.999980628 0.002601048 -1.579010129 0.003099760 -0.002583594 0.999991834 55.391624451
0.999983668 0.004420917 -0.003622608 -8.383986473 -0.004409758 0.999985456 0.003082442 -1.616547465 0.003636182 -0.003066416 0.999988675 56.837421417
0.999989510 0.002044106 -0.004091867 -8.602837563 -0.002033675 0.999994695 0.002551809 -1.653466344 0.004097061 -0.002543461 0.999988377 58.265663147
0.999989569 0.001132817 -0.004419546 -8.817641258 -0.001119203 0.999994695 0.003081465 -1.693844795 0.004423013 -0.003076487 0.999985516 59.705554962
0.999993205 -0.000052640 -0.003682517 -9.036157608 0.000066705 0.999992728 0.003819358 -1.733924627 0.003682289 -0.003819577 0.999985874 61.149570465
0.999991834 -0.001925481 -0.003557530 -9.246698380 0.001942858 0.999986172 0.004887347 -1.772716045 0.003548070 -0.004894218 0.999981701 62.590019226
0.999989450 -0.003434486 -0.003048381 -9.460418701 0.003448730 0.999983132 0.004679659 -1.811315536 0.003032256 -0.004690123 0.999984384 64.012420654
0.999982834 -0.005128748 -0.002784356 -9.668960571 0.005140820 0.999977350 0.004345808 -1.851979494 0.002762004 -0.004360048 0.999986649 65.439834595
0.999986351 -0.004785034 -0.002098236 -9.881468773 0.004793220 0.999980867 0.003913674 -1.898021460 0.002079469 -0.003923678 0.999990106 66.846183777
0.999992609 -0.003600882 -0.001330838 -10.093299866 0.003605639 0.999987006 0.003590121 -1.935383558 0.001317894 -0.003594893 0.999992669 68.268287659
0.999999642 -0.000092940 -0.000855120 -10.305748940 0.000096492 0.999991357 0.004154281 -1.971824527 0.000854727 -0.004154362 0.999991000 69.691032410
0.999994934 0.003165596 -0.000048199 -10.521290779 -0.003165317 0.999982536 0.004979928 -2.011730671 0.000063963 -0.004979749 0.999987602 71.098312378
0.999972403 0.007402787 0.000641946 -10.735916138 -0.007405794 0.999960959 0.004817767 -2.046909332 -0.000606256 -0.004822389 0.999988198 72.521186829
0.999928534 0.011858849 0.001463826 -10.955395699 -0.011864240 0.999922633 0.003731050 -2.079812050 -0.001419466 -0.003748151 0.999991953 73.932113647
0.999886990 0.014852068 0.002307200 -11.166516304 -0.014858237 0.999885976 0.002680417 -2.114817858 -0.002267127 -0.002714396 0.999993742 75.340522766
0.999851406 0.016984032 0.002944011 -11.382036209 -0.016991215 0.999852657 0.002431858 -2.165994406 -0.002902274 -0.002481520 0.999992728 76.747573853
0.999851525 0.016922377 0.003253079 -11.590023041 -0.016931769 0.999852479 0.002882457 -2.204022408 -0.003203821 -0.002937109 0.999990582 78.161277771
0.999869883 0.015759848 0.003432892 -11.796836853 -0.015769297 0.999871850 0.002743833 -2.239198923 -0.003389210 -0.002797611 0.999990344 79.552909851
0.999895930 0.014087575 0.003105561 -11.990304947 -0.014094877 0.999897838 0.002342509 -2.281047344 -0.003072243 -0.002386038 0.999992430 80.952110291
0.999905884 0.013450725 0.002708717 -12.188177109 -0.013456749 0.999907017 0.002218829 -2.317211151 -0.002678620 -0.002255071 0.999993801 82.344978333
0.999910593 0.013142512 0.002456939 -12.393404961 -0.013148372 0.999910712 0.002384047 -2.351095200 -0.002425387 -0.002416139 0.999994099 83.742607117
0.999911726 0.013129221 0.002051329 -12.601793289 -0.013133182 0.999911904 0.001928456 -2.390017271 -0.002025829 -0.001955226 0.999996066 85.146301270
0.999912202 0.013193884 0.001251952 -12.805037498 -0.013196705 0.999910355 0.002271516 -2.428200483 -0.001221870 -0.002287838 0.999996662 86.541336060
0.999922693 0.012426407 0.000332236 -13.013700485 -0.012427438 0.999917269 0.003304578 -2.468787909 -0.000291145 -0.003308452 0.999994457 87.947166443
0.999945879 0.010373996 -0.000820887 -13.219865799 -0.010369959 0.999934793 0.004777835 -2.510581017 0.000870399 -0.004769064 0.999988258 89.356575012
0.999967396 0.007812368 -0.002019633 -13.422921181 -0.007801134 0.999954402 0.005511950 -2.542021751 0.002062603 -0.005496014 0.999982774 90.746154785
0.999981821 0.005335690 -0.002812693 -13.625285149 -0.005318153 0.999966621 0.006206457 -2.580846548 0.002845714 -0.006191386 0.999976814 92.131492615
0.999986768 0.003961708 -0.003284161 -13.833534241 -0.003942864 0.999975801 0.005724562 -2.610940456 0.003306761 -0.005711537 0.999978244 93.514762878
0.999989033 0.003124214 -0.003469956 -14.047728539 -0.003104940 0.999979794 0.005546349 -2.651471138 0.003487214 -0.005535515 0.999978542 94.890892029
0.999988317 0.003119139 -0.003678792 -14.250029564 -0.003100631 0.999982536 0.005026183 -2.683744192 0.003694406 -0.005014718 0.999980569 96.273033142
0.999988496 0.003323282 -0.003459639 -14.464115143 -0.003308018 0.999984801 0.004408366 -2.726031065 0.003474237 -0.004396871 0.999984324 97.640525818
0.999987245 0.003927654 -0.003189275 -14.671689034 -0.003915165 0.999984741 0.003912962 -2.762172937 0.003204595 -0.003900425 0.999987245 99.005172729
0.999979079 0.005707192 -0.003015433 -14.882260323 -0.005696497 0.999977469 0.003543274 -2.798297644 0.003035587 -0.003526022 0.999989152 100.367134094
0.999975443 0.006422983 -0.002779410 -15.090248108 -0.006408679 0.999966264 0.005124984 -2.836900234 0.002812234 -0.005107047 0.999982953 101.722488403
0.999969959 0.007342863 -0.002472976 -15.298589706 -0.007327423 0.999953985 0.006194900 -2.875932217 0.002518350 -0.006176594 0.999977708 103.049308777
0.999975860 0.006499113 -0.002445386 -15.499720573 -0.006486899 0.999966621 0.004969620 -2.908807993 0.002477603 -0.004953638 0.999984622 104.395980835
0.999975026 0.006715275 -0.002193097 -15.706943512 -0.006709936 0.999974549 0.002433173 -2.941071987 0.002209381 -0.002418396 0.999994636 105.742248535
0.999980509 0.005725526 -0.002466955 -15.905117035 -0.005721471 0.999982238 0.001647382 -2.979566574 0.002476344 -0.001633236 0.999995589 107.099884033
0.999992847 0.002845701 -0.002495868 -16.097421646 -0.002837410 0.999990463 0.003319430 -3.022986889 0.002505291 -0.003312325 0.999991357 108.415626526
0.999997675 0.001301260 -0.001708094 -16.300348282 -0.001292420 0.999985874 0.005166778 -3.050440073 0.001714794 -0.005164559 0.999985218 109.754203796
0.999998689 -0.001083809 -0.001184577 -16.490982056 0.001091527 0.999978185 0.006534723 -3.095185757 0.001177468 -0.006536008 0.999977887 111.094551086
0.999998689 -0.001501575 -0.000478248 -16.686889648 0.001503936 0.999986470 0.004975755 -3.123913765 0.000470770 -0.004976468 0.999987483 112.435729980
0.999999940 -0.000328863 0.000198739 -16.887508392 0.000328351 0.999996662 0.002566716 -3.160870075 -0.000199582 -0.002566651 0.999996662 113.758651733
0.999996960 0.002330545 0.000903464 -17.075992584 -0.002330218 0.999997258 -0.000363122 -3.186908484 -0.000904307 0.000361015 0.999999523 115.115852356
0.999984980 0.004686174 0.002823804 -17.284694672 -0.004685530 0.999988973 -0.000234464 -3.238624573 -0.002824872 0.000221230 0.999996006 116.424888611
0.999975324 0.005773155 0.003989257 -17.474821091 -0.005780162 0.999981761 0.001747289 -3.278281927 -0.003979097 -0.001770305 0.999990523 117.755470276
0.999966741 0.006318876 0.005158562 -17.669866562 -0.006338744 0.999972522 0.003843979 -3.316756248 -0.005134131 -0.003876550 0.999979258 119.091575623
0.999965608 0.005619972 0.006106565 -17.860118866 -0.005645525 0.999975324 0.004175306 -3.346130133 -0.006082950 -0.004209637 0.999972701 120.433586121
0.999956489 0.005983066 0.007154183 -18.051387787 -0.006009505 0.999975145 0.003679856 -3.382854700 -0.007131989 -0.003722689 0.999967635 121.756423950
0.999933600 0.007757354 0.008511335 -18.237829208 -0.007783171 0.999965191 0.003004247 -3.416321754 -0.008487733 -0.003070292 0.999959290 123.099121094
0.999902129 0.009994608 0.009801143 -18.430486679 -0.010018537 0.999946952 0.002395236 -3.456888914 -0.009776684 -0.002493195 0.999949038 124.429573059
0.999886692 0.010566113 0.010717474 -18.617631912 -0.010580534 0.999943197 0.001289840 -3.488221645 -0.010703236 -0.001403091 0.999941766 125.785232544
0.999862850 0.011561188 0.011857690 -18.805423737 -0.011565015 0.999933064 0.000254425 -3.524654388 -0.011853956 -0.000391524 0.999929667 127.136520386
0.999859691 0.010786400 0.012811208 -18.987306595 -0.010791657 0.999941707 0.000341304 -3.561388016 -0.012806780 -0.000479510 0.999917924 128.480361938
0.999860168 0.009709904 0.013611650 -19.169498444 -0.009732103 0.999951422 0.001565548 -3.602700472 -0.013595786 -0.001697799 0.999906123 129.829437256
0.999861062 0.008144067 0.014542188 -19.358116150 -0.008184924 0.999962747 0.002752227 -3.637320042 -0.014519230 -0.002870872 0.999890447 131.193283081
0.999865770 0.007288019 0.014675285 -19.537063599 -0.007335960 0.999967873 0.003215666 -3.672137260 -0.014651378 -0.003322892 0.999887168 132.543655396
0.999881268 0.004855327 0.014627412 -19.718959808 -0.004908878 0.999981403 0.003627417 -3.704773903 -0.014609525 -0.003698790 0.999886513 133.910644531
0.999888301 0.003740646 0.014472107 -19.899049759 -0.003806118 0.999982595 0.004499142 -3.743950367 -0.014455027 -0.004553721 0.999885142 135.262619019
0.999903798 0.002148180 0.013700745 -20.077442169 -0.002207327 0.999988317 0.004303390 -3.774708509 -0.013691340 -0.004333218 0.999896944 136.627456665
0.999919713 0.001292537 0.012606117 -20.262590408 -0.001347015 0.999989808 0.004314016 -3.812864542 -0.012600412 -0.004330650 0.999911189 137.992904663
0.999931335 -0.000490075 0.011702349 -20.445642471 0.000429989 0.999986708 0.005136434 -3.840756178 -0.011704711 -0.005131050 0.999918342 139.364028931
0.999944389 -0.001570378 0.010427317 -20.627935410 0.001512815 0.999983609 0.005525975 -3.881220341 -0.010435823 -0.005509893 0.999930382 140.737319946
0.999955416 -0.001682047 0.009289002 -20.815528870 0.001632845 0.999984622 0.005301877 -3.910834074 -0.009297778 -0.005286473 0.999942780 142.097808838
0.999967158 -0.001753073 0.007905827 -21.007249832 0.001717055 0.999988139 0.004560271 -3.940763474 -0.007913728 -0.004546546 0.999958396 143.444412231
0.999970973 -0.002464383 0.007206998 -21.201297760 0.002429655 0.999985337 0.004823461 -3.988141537 -0.007218780 -0.004805809 0.999962389 144.804702759
0.999970257 -0.003857368 0.006682639 -21.399904251 0.003838743 0.999988675 0.002797671 -4.026478291 -0.006693354 -0.002771935 0.999973774 146.153762817
0.999929547 -0.010690028 0.005162228 -21.572443008 0.010673767 0.999938011 0.003167358 -4.063246250 -0.005195768 -0.003112034 0.999981642 147.540557861
0.999831676 -0.017873950 0.004140004 -21.754621506 0.017845979 0.999818265 0.006697636 -4.098817348 -0.004258966 -0.006622626 0.999969006 148.886428833
0.999709904 -0.023933675 0.002705209 -21.940507889 0.023909226 0.999675930 0.008734779 -4.128450394 -0.002913388 -0.008667566 0.999958217 150.240692139
0.999607503 -0.027978892 0.001409219 -22.127258301 0.027969690 0.999589682 0.006173162 -4.169885635 -0.001581359 -0.006131324 0.999979973 151.617584229
0.999625742 -0.027319821 0.001404399 -22.312753677 0.027315732 0.999622762 0.002854164 -4.205183029 -0.001481845 -0.002814733 0.999994934 152.979446411
0.999698937 -0.024357507 0.002956736 -22.528791428 0.024355507 0.999703109 0.000710167 -4.252457619 -0.002973157 -0.000637940 0.999995351 154.312561035
0.999720037 -0.023407802 0.003463965 -22.713600159 0.023406912 0.999725938 0.000297992 -4.289410591 -0.003469991 -0.000216828 0.999993920 155.684783936
0.999615252 -0.027451659 0.004004078 -22.905441284 0.027432224 0.999611974 0.004832366 -4.346561909 -0.004135181 -0.004720665 0.999980330 157.025711060
0.999483287 -0.031873316 0.004158364 -23.087406158 0.031839881 0.999461949 0.007873951 -4.378420353 -0.004407095 -0.007737479 0.999960363 158.382141113
0.999338508 -0.036122236 0.004211226 -23.274127960 0.036079109 0.999299765 0.009905997 -4.416563511 -0.004566104 -0.009747505 0.999942005 159.751998901
0.999265671 -0.038107749 0.003976754 -23.458749771 0.038066410 0.999225199 0.009999464 -4.445858002 -0.004354730 -0.009840741 0.999942124 161.118316650
0.999349654 -0.035670217 0.005281544 -23.657148361 0.035612985 0.999309838 0.010560350 -4.479858398 -0.005654589 -0.010365389 0.999930203 162.450714111
0.999479592 -0.031635121 0.006298012 -23.847650528 0.031578612 0.999461830 0.008878026 -4.511403561 -0.006575480 -0.008674525 0.999940753 163.815170288
0.999580801 -0.028028993 0.007254528 -24.038930893 0.027983969 0.999588907 0.006234699 -4.547978401 -0.007426299 -0.006029075 0.999954224 165.184371948
0.999657750 -0.024894057 0.008043870 -24.234636307 0.024853092 0.999677837 0.005153740 -4.579803467 -0.008169577 -0.004952062 0.999954402 166.538131714
0.999696672 -0.023098879 0.008541833 -24.428133011 0.023047956 0.999716282 0.006013037 -4.618366241 -0.008678301 -0.005814340 0.999945462 167.914688110
0.999737203 -0.021412831 0.008187398 -24.614959717 0.021368619 0.999756932 0.005449625 -4.655658722 -0.008302101 -0.005273239 0.999951661 169.298416138
0.999783754 -0.019313084 0.007720495 -24.808504105 0.019293038 0.999810338 0.002661539 -4.691854477 -0.007770432 -0.002512011 0.999966681 170.677154541
0.999841332 -0.016101409 0.007609291 -25.011301041 0.016103035 0.999870300 -0.000152288 -4.741127491 -0.007605853 0.000274797 0.999971032 172.057495117
0.999912143 -0.010806922 0.007675386 -25.213661194 0.010824789 0.999938786 -0.002289956 -4.781973362 -0.007650168 0.002372839 0.999967933 173.427413940
0.999948502 -0.006314315 0.007940309 -25.413383484 0.006328476 0.999978423 -0.001759648 -4.824297905 -0.007929026 0.001809807 0.999966919 174.822204590
0.999957740 -0.003356639 0.008558432 -25.611282349 0.003359650 0.999994278 -0.000337469 -4.865934372 -0.008557251 0.000366208 0.999963343 176.198852539
0.999960065 -0.002499875 0.008577388 -25.807077408 0.002486093 0.999995530 0.001617179 -4.902079105 -0.008581392 -0.001595791 0.999961972 177.599075317
0.999952614 -0.005965247 0.007687361 -25.996568680 0.005941740 0.999977589 0.003077023 -4.941747189 -0.007705545 -0.003031202 0.999965727 178.998229980
0.999943674 -0.008704873 0.006070162 -26.190015793 0.008682890 0.999955654 0.003638345 -4.981206417 -0.006101565 -0.003585434 0.999974966 180.393905640
0.999952435 -0.008842031 0.004113223 -26.387367249 0.008843659 0.999960840 -0.000377938 -5.023596764 -0.004109722 0.000414295 0.999991477 181.810531616
0.999969780 -0.007221864 0.002868141 -26.593681335 0.007235458 0.999962509 -0.004758541 -5.066667557 -0.002833668 0.004779149 0.999984562 183.211608887
0.999994695 -0.002139891 0.002447480 -26.811161041 0.002155288 0.999977767 -0.006305792 -5.110564232 -0.002433932 0.006311033 0.999977052 184.627853394
0.999997199 0.000925253 0.002183125 -27.020381927 -0.000912864 0.999983490 -0.005669161 -5.155598164 -0.002188335 0.005667152 0.999981463 186.038650513
0.999991596 0.003340582 0.002372809 -27.229112625 -0.003334202 0.999990940 -0.002687243 -5.198860168 -0.002381764 0.002679310 0.999993563 187.457092285
0.999989629 0.003628142 0.002761790 -27.434806824 -0.003626587 0.999993265 -0.000568051 -5.241939545 -0.002763833 0.000558029 0.999996006 188.860336304
0.999990284 0.003457403 0.002727410 -27.637760162 -0.003457738 0.999994040 0.000118070 -5.274008274 -0.002726985 -0.000127499 0.999996245 190.281402588
0.999994695 0.001883085 0.002634620 -27.840944290 -0.001885082 0.999997914 0.000755530 -5.309268475 -0.002633192 -0.000760493 0.999996185 191.712890625
0.999995887 -0.000943086 0.002712591 -28.047134399 0.000938116 0.999997973 0.001833013 -5.357562542 -0.002714314 -0.001830460 0.999994636 193.129196167
0.999990761 -0.003198111 0.002860076 -28.246183395 0.003192610 0.999993086 0.001925975 -5.387927532 -0.002866215 -0.001916826 0.999994040 194.557525635
0.999971986 -0.006654039 0.003426084 -28.451911926 0.006641168 0.999970913 0.003754319 -5.436777115 -0.003450966 -0.003731461 0.999987066 195.982574463
0.999935508 -0.010830651 0.003422112 -28.647125244 0.010810598 0.999924660 0.005825107 -5.471180916 -0.003484944 -0.005787736 0.999977171 197.433181763
0.999898911 -0.013717982 0.003733787 -28.846532822 0.013695187 0.999887824 0.006063153 -5.507122040 -0.003816542 -0.006011406 0.999974668 198.847305298
0.999921560 -0.011844129 0.004073455 -29.055036545 0.011837431 0.999928534 0.001664732 -5.547951221 -0.004092881 -0.001616383 0.999990344 200.283248901
0.999979079 -0.004303301 0.004828349 -29.271242142 0.004325315 0.999980271 -0.004558388 -5.585771084 -0.004808637 0.004579178 0.999977946 201.715713501
0.999965727 0.005106724 0.006519540 -29.494480133 -0.005067268 0.999968827 -0.006054260 -5.630356312 -0.006550255 0.006021016 0.999960423 203.152282715
0.999896288 0.012224521 0.007611369 -29.709455490 -0.012199529 0.999920070 -0.003321029 -5.676943779 -0.007651359 0.003227829 0.999965489 204.613555908
0.999881446 0.012976088 0.008289869 -29.916851044 -0.012967498 0.999915361 -0.001089066 -5.720188618 -0.008303299 0.000981438 0.999965072 206.056991577
0.999904335 0.011469020 0.007726933 -30.117841721 -0.011464159 0.999934196 -0.000673048 -5.758786678 -0.007734143 0.000584401 0.999969900 207.512832642
0.999941170 0.008667558 0.006517465 -30.319227219 -0.008664538 0.999962389 -0.000491528 -5.795479298 -0.006521480 0.000435029 0.999978662 208.978866577
0.999959648 0.006908716 0.005763537 -30.524147034 -0.006905284 0.999975979 -0.000615372 -5.840110779 -0.005767650 0.000575548 0.999983191 210.454940796
0.999961078 0.007114577 0.005233052 -30.731054306 -0.007107276 0.999973774 -0.001412632 -5.877081871 -0.005242965 0.001375384 0.999985337 211.923126221
0.999957204 0.007868652 0.004851707 -30.936332703 -0.007863811 0.999968588 -0.001016024 -5.924149513 -0.004859550 0.000977828 0.999987721 213.399215698
0.999943674 0.009460308 0.004819081 -31.152572632 -0.009458089 0.999955177 -0.000483125 -5.963710785 -0.004823436 0.000437518 0.999988258 214.869384766
0.999956906 0.008106398 0.004512654 -31.362596512 -0.008103532 0.999966979 -0.000653321 -6.009696007 -0.004517801 0.000616725 0.999989629 216.360549927
0.999962926 0.007603759 0.004037475 -31.571611404 -0.007597407 0.999969900 -0.001586220 -6.051612854 -0.004049415 0.001555486 0.999990642 217.836700439
0.999963820 0.007576724 0.003867603 -31.789854050 -0.007568309 0.999968946 -0.002185910 -6.093813419 -0.003884045 0.002156560 0.999990106 219.338027954
0.999960363 0.008190693 0.003490426 -32.002960205 -0.008181795 0.999963164 -0.002556312 -6.134907722 -0.003511236 0.002527652 0.999990582 220.826232910
0.999964654 0.007769401 0.003207812 -32.212005615 -0.007762264 0.999967396 -0.002231305 -6.189032078 -0.003225044 0.002206327 0.999992371 222.302459717
0.999967456 0.007522121 0.002904587 -32.429225922 -0.007515217 0.999968886 -0.002380757 -6.233105659 -0.002922405 0.002358851 0.999992967 223.809509277
0.999960363 0.008469609 0.002735890 -32.654407501 -0.008462008 0.999960363 -0.002777934 -6.278759956 -0.002759309 0.002754673 0.999992371 225.303588867
0.999961197 0.008448239 0.002470214 -32.874298096 -0.008440959 0.999960065 -0.002942742 -6.320556164 -0.002494976 0.002921777 0.999992609 226.803787231
0.999960482 0.008631854 0.002126099 -33.095195770 -0.008625462 0.999958277 -0.002998572 -6.367065907 -0.002151893 0.002980115 0.999993205 228.312606812
0.999967098 0.007936913 0.001687666 -33.310066223 -0.007931675 0.999963760 -0.003088116 -6.408065796 -0.001712115 0.003074629 0.999993801 229.832092285
0.999979258 0.006111632 0.002031863 -33.536529541 -0.006105817 0.999977291 -0.002854973 -6.463160515 -0.002049265 0.002842508 0.999993861 231.329116821
0.999984622 0.005144727 0.002062378 -33.760009766 -0.005139556 0.999983609 -0.002505561 -6.506068707 -0.002075234 0.002494923 0.999994814 232.846343994
0.999990463 0.003606715 0.002429049 -33.974868774 -0.003603193 0.999992430 -0.001453021 -6.557199001 -0.002434271 0.001444254 0.999995947 234.347854614
0.999989569 0.003819360 0.002495073 -34.196689606 -0.003816050 0.999991953 -0.001330204 -6.600683689 -0.002500134 0.001320670 0.999996006 235.861526489
0.999988198 0.004272040 0.002313297 -34.417499542 -0.004268062 0.999989390 -0.001721702 -6.648151398 -0.002320627 0.001711809 0.999995768 237.380767822
0.999984026 0.004963147 0.002715199 -34.640857697 -0.004955980 0.999984205 -0.002639947 -6.690685749 -0.002728258 0.002626448 0.999992847 238.900177002
0.999974251 0.006428741 0.003190110 -34.858837128 -0.006421682 0.999976873 -0.002218123 -6.733768940 -0.003204296 0.002197579 0.999992371 240.407760620
0.999972641 0.006438965 0.003644091 -35.072902679 -0.006439203 0.999979258 0.000053631 -6.780740738 -0.003643669 -0.000077094 0.999993384 241.925842285
0.999974489 0.005923456 0.003984993 -35.285697937 -0.005925323 0.999982357 0.000456859 -6.821532726 -0.003982218 -0.000480460 0.999991953 243.449325562
0.999966919 0.006590730 0.004757889 -35.506782532 -0.006585300 0.999977648 -0.001156046 -6.866142750 -0.004765403 0.001124676 0.999988019 244.963104248
0.999965429 0.006560079 0.005129310 -35.726646423 -0.006547135 0.999975324 -0.002536235 -6.912507534 -0.005145821 0.002502565 0.999983609 246.501739502
0.999957860 0.007370588 0.005459424 -35.948009491 -0.007358473 0.999970436 -0.002235746 -6.956798077 -0.005475741 0.002195480 0.999982595 248.036315918
0.999959528 0.007248219 0.005322343 -36.163318634 -0.007241461 0.999972880 -0.001288114 -6.999612808 -0.005331536 0.001249520 0.999984980 249.571945190
0.999960244 0.007305468 0.005114585 -36.383255005 -0.007301254 0.999972999 -0.000842211 -7.047268867 -0.005120600 0.000804835 0.999986589 251.106918335
0.999958754 0.007679573 0.004849281 -36.604164124 -0.007675447 0.999970138 -0.000869148 -7.093277454 -0.004855811 0.000831892 0.999987841 252.645339966
0.999945521 0.009109373 0.005097383 -36.824737549 -0.009106173 0.999958336 -0.000650680 -7.137719631 -0.005103098 0.000604227 0.999986768 254.179946899
0.999935806 0.009991979 0.005340096 -37.051418304 -0.009986397 0.999949574 -0.001070816 -7.181578159 -0.005350525 0.001017419 0.999985158 255.716812134
0.999928653 0.010581341 0.005541640 -37.272998810 -0.010575830 0.999943554 -0.001022893 -7.221125603 -0.005552151 0.000964213 0.999984145 257.259185791
0.999945760 0.008930757 0.005360773 -37.492755890 -0.008927867 0.999959946 -0.000562626 -7.266053200 -0.005365583 0.000514735 0.999985456 258.808776855
0.999956608 0.007575370 0.005425556 -37.713680267 -0.007578244 0.999971211 0.000509032 -7.310629368 -0.005421544 -0.000550126 0.999985099 260.366302490
0.999975681 0.004245572 0.005531089 -37.937458038 -0.004255150 0.999989450 0.001720919 -7.353815079 -0.005523725 -0.001744413 0.999983191 261.898864746
0.999979973 0.003286741 0.005402444 -38.152675629 -0.003292545 0.999993980 0.001065805 -7.396289825 -0.005398909 -0.001083572 0.999984860 263.453186035
0.999987125 0.001412917 0.004859142 -38.365497589 -0.001415476 0.999998808 0.000523179 -7.439854622 -0.004858396 -0.000530050 0.999988079 264.986419678
0.999984026 0.000029804 0.005651136 -38.590251923 -0.000044436 0.999996603 0.002589219 -7.483428955 -0.005651040 -0.002589429 0.999980688 266.536041260
0.999982119 -0.002016113 0.005631131 -38.801239014 0.001991364 0.999988317 0.004397173 -7.518729687 -0.005639929 -0.004385881 0.999974489 268.078125000
0.999978840 -0.003053621 0.005737238 -39.020668030 0.003033053 0.999989033 0.003590379 -7.555751801 -0.005748138 -0.003572902 0.999977052 269.634857178
0.999972701 -0.004099841 0.006142466 -39.233539581 0.004080925 0.999986887 0.003088921 -7.602751255 -0.006155049 -0.003063770 0.999976337 271.161285400
0.999971271 -0.003206811 0.006860175 -39.452312469 0.003188064 0.999991179 0.002741881 -7.643425941 -0.006868907 -0.002719932 0.999972701 272.708312988
0.999969244 -0.001408028 0.007715392 -39.669319153 0.001388534 0.999995947 0.002531383 -7.684522629 -0.007718923 -0.002520592 0.999967039 274.240753174
0.999961853 0.000476751 0.008721726 -39.883659363 -0.000493369 0.999998093 0.001903267 -7.726232529 -0.008720800 -0.001907498 0.999960124 275.792419434
0.999956787 0.000814844 0.009262443 -40.096416473 -0.000832499 0.999997854 0.001902401 -7.775648117 -0.009260872 -0.001910030 0.999955297 277.345367432
0.999945760 0.001978671 0.010229222 -40.310550690 -0.001991581 0.999997199 0.001252073 -7.817317486 -0.010226716 -0.001272377 0.999946952 278.894805908
0.999934793 0.002552190 0.011131142 -40.527984619 -0.002556720 0.999996603 0.000392786 -7.855375767 -0.011130104 -0.000421219 0.999937952 280.442413330
0.999925971 0.002198264 0.011968958 -40.739250183 -0.002195033 0.999997497 -0.000283011 -7.897782326 -0.011969551 0.000256718 0.999928355 282.010833740
0.999919116 0.001213146 0.012657639 -40.944995880 -0.001216613 0.999999166 0.000266202 -7.942936420 -0.012657304 -0.000281580 0.999919832 283.581817627
0.999912381 -0.000045847 0.013236389 -41.150222778 0.000025890 0.999998868 0.001507846 -7.988056660 -0.013236443 -0.001507371 0.999911249 285.145446777
0.999908864 -0.000911930 0.013471687 -41.357219696 0.000887694 0.999997973 0.001804921 -8.031540871 -0.013473306 -0.001792798 0.999907613 286.708892822
0.999908745 -0.001702641 0.013397853 -41.562164307 0.001706681 0.999998450 -0.000290106 -8.080922127 -0.013397338 0.000312945 0.999910176 288.284088135
0.999911368 -0.002447237 0.013087426 -41.767341614 0.002479497 0.999993920 -0.002449317 -8.125397682 -0.013081353 0.002481550 0.999911308 289.848052979
0.999921083 -0.002043243 0.012395157 -41.976680756 0.002075010 0.999994695 -0.002550581 -8.173597336 -0.012389879 0.002576100 0.999919891 291.438964844
0.999927044 -0.003405745 0.011589364 -42.185489655 0.003432291 0.999991536 -0.002271484 -8.222736359 -0.011581530 0.002311097 0.999930263 293.007263184
0.999935925 -0.003835629 0.010650252 -42.403396606 0.003864423 0.999988914 -0.002684395 -8.273442268 -0.010639840 0.002725380 0.999939680 294.583648682
0.999944568 -0.003945041 0.009762693 -42.615657806 0.003975580 0.999987185 -0.003110560 -8.321776390 -0.009750298 0.003149200 0.999947429 296.164184570
0.999947190 -0.004549564 0.009208599 -42.837806702 0.004573438 0.999986231 -0.002573098 -8.367587090 -0.009196767 0.002615078 0.999954283 297.761840820
0.999954760 -0.004487188 0.008378454 -43.056400299 0.004507952 0.999986768 -0.002461103 -8.419907570 -0.008367298 0.002498762 0.999961853 299.348968506
0.999960780 -0.005078976 0.007250748 -43.275691986 0.005086126 0.999986589 -0.000968117 -8.468931198 -0.007245733 0.001004958 0.999973238 300.953826904
0.999974072 -0.002881979 0.006596732 -43.496688843 0.002881598 0.999995828 0.000067169 -8.519381523 -0.006596898 -0.000048158 0.999978244 302.550537109
0.999968231 -0.002917388 0.007419690 -43.722167969 0.002915769 0.999995708 0.000229028 -8.564736366 -0.007420328 -0.000207387 0.999972463 304.137603760
0.999962628 -0.002148230 0.008377304 -43.944900513 0.002150333 0.999997675 -0.000242154 -8.605360985 -0.008376765 0.000260159 0.999964833 305.734039307
0.999957144 -0.003313701 0.008656041 -44.165222168 0.003317015 0.999994457 -0.000368422 -8.649538040 -0.008654773 0.000397119 0.999962449 307.335968018
0.999947488 -0.005142511 0.008880625 -44.385803223 0.005154457 0.999985754 -0.001322675 -8.684531212 -0.008873697 0.001368380 0.999959648 308.958801270
0.999936879 -0.006234103 0.009345016 -44.608673096 0.006264215 0.999975204 -0.003196415 -8.733310699 -0.009324856 0.003254753 0.999951243 310.581268311
0.999934196 -0.006819728 0.009227211 -44.833507538 0.006855097 0.999969184 -0.003807045 -8.793636322 -0.009200964 0.003870047 0.999950171 312.210479736
0.999956071 -0.006141303 0.007075286 -45.063125610 0.006175829 0.999969065 -0.004868449 -8.843886375 -0.007045169 0.004911932 0.999963105 313.838958740
0.999973953 -0.005069946 0.005139172 -45.297340393 0.005091044 0.999978662 -0.004100471 -8.905773163 -0.005118273 0.004126528 0.999978364 315.511657715
0.999981403 -0.003764795 0.004778293 -45.529739380 0.003771135 0.999992073 -0.001318630 -8.950137138 -0.004773291 0.001336626 0.999987662 317.153137207
0.999970555 -0.005640402 0.005224520 -45.761775970 0.005630172 0.999982178 0.001970524 -9.001044273 -0.005235543 -0.001941051 0.999984384 318.819488525
0.999966741 -0.006027291 0.005494623 -45.990661621 0.006012243 0.999978185 0.002750956 -9.045480728 -0.005511085 -0.002717830 0.999981105 320.459686279
0.999957860 -0.007123225 0.005783325 -46.229015350 0.007113299 0.999973178 0.001735046 -9.096859932 -0.005795529 -0.001693834 0.999981701 322.106994629
0.999950409 -0.007794414 0.006220834 -46.459278107 0.007785700 0.999968708 0.001423875 -9.134260178 -0.006231738 -0.001375371 0.999979675 323.748382568
0.999948680 -0.007761589 0.006498086 -46.688453674 0.007749055 0.999967992 0.001951845 -9.188322067 -0.006513028 -0.001901391 0.999976933 325.380950928
0.999945164 -0.007878240 0.006899142 -46.915184021 0.007863361 0.999966681 0.002181011 -9.241042137 -0.006916095 -0.002126641 0.999973834 327.020690918
0.999953747 -0.006168011 0.007370537 -47.143424988 0.006162926 0.999980748 0.000712415 -9.289302826 -0.007374788 -0.000666958 0.999972582 328.662078857
0.999950945 -0.005555096 0.008202016 -47.381919861 0.005554094 0.999984562 0.000144997 -9.337654114 -0.008202696 -0.000099435 0.999966264 330.319824219
0.999939561 -0.006697162 0.008723257 -47.606689453 0.006679683 0.999975562 0.002031378 -9.380665779 -0.008736650 -0.001972987 0.999959886 331.949584961
0.999932408 -0.007553793 0.008836186 -47.826988220 0.007526757 0.999966919 0.003088902 -9.432709694 -0.008859225 -0.003022186 0.999956131 333.571105957
0.999922812 -0.009117681 0.008436310 -48.043323517 0.009098187 0.999955833 0.002346067 -9.483371735 -0.008457328 -0.002269130 0.999961674 335.232696533
0.999935567 -0.007198723 0.008779143 -48.275634766 0.007181487 0.999972165 0.001993318 -9.527528763 -0.008793251 -0.001930142 0.999959469 336.855133057
0.999947131 -0.005234269 0.008854697 -48.509021759 0.005238694 0.999986172 -0.000476644 -9.573679924 -0.008852079 0.000523005 0.999960661 338.469360352
0.999960065 -0.003731733 0.008121256 -48.732135773 0.003761235 0.999986351 -0.003620409 -9.629590988 -0.008107635 0.003650810 0.999960482 340.107025146
0.999968946 -0.002796411 0.007371418 -48.960853577 0.002818961 0.999991357 -0.003050532 -9.686222076 -0.007362824 0.003071217 0.999968112 341.737579346
0.999978244 -0.002149130 0.006234869 -49.187770844 0.002147307 0.999997675 0.000299163 -9.737305641 -0.006235497 -0.000285769 0.999980509 343.363281250
0.999985874 -0.001244681 0.005166090 -49.417369843 0.001229930 0.999995172 0.002857608 -9.787644386 -0.005169622 -0.002851214 0.999982536 345.009368896
0.999992192 -0.000660316 0.003893138 -49.647441864 0.000654728 0.999998748 0.001436455 -9.832218170 -0.003894082 -0.001433894 0.999991357 346.629364014
0.999996781 -0.001371753 0.002122087 -49.886283875 0.001371670 0.999998987 0.000040337 -9.879125595 -0.002122140 -0.000037426 0.999997735 348.277709961
0.999996603 -0.002570167 0.000146957 -50.114669800 0.002569941 0.999995530 0.001520693 -9.925712585 -0.000150865 -0.001520310 0.999998808 349.903594971
0.999990225 -0.004394322 -0.000535359 -50.353580475 0.004395449 0.999988019 0.002120559 -9.969454765 0.000526034 -0.002122891 0.999997556 351.502990723
0.999989629 -0.004326333 -0.001366754 -50.586093903 0.004328055 0.999989867 0.001259026 -10.019961357 0.001361293 -0.001264929 0.999998271 353.148468018
0.999986112 -0.005033211 -0.001569228 -50.828563690 0.005033811 0.999987245 0.000379050 -10.064167976 0.001567300 -0.000386944 0.999998689 354.766754150
0.999985933 -0.005071652 -0.001546014 -51.071834564 0.005071884 0.999987125 0.000146424 -10.110387802 0.001545251 -0.000154263 0.999998808 356.365997314
0.999984324 -0.005391900 -0.001529046 -51.309375763 0.005391980 0.999985397 0.000047671 -10.162546158 0.001528766 -0.000055915 0.999998748 357.973297119
0.999982893 -0.005628014 -0.001659699 -51.547779083 0.005627280 0.999984026 -0.000446858 -10.215527534 0.001662187 0.000437511 0.999998510 359.571563721
0.999979317 -0.006219163 -0.001603442 -51.785511017 0.006217754 0.999980271 -0.000881666 -10.269038200 0.001608893 0.000871678 0.999998271 361.176666260
0.999978364 -0.006370463 -0.001636630 -52.020679474 0.006369099 0.999979377 -0.000837426 -10.316242218 0.001641931 0.000826984 0.999998271 362.778442383
0.999980271 -0.006140978 -0.001299086 -52.259845734 0.006138885 0.999979854 -0.001608092 -10.368387222 0.001308935 0.001600085 0.999997914 364.375213623
0.999966145 -0.008045399 -0.001736814 -52.492595673 0.008041121 0.999964595 -0.002456303 -10.424118042 0.001756515 0.002442254 0.999995410 365.978118896
0.999953032 -0.009517302 -0.001832129 -52.728584290 0.009516732 0.999954700 -0.000319030 -10.476133347 0.001835082 0.000301579 0.999998271 367.579284668
0.999936819 -0.011005378 -0.002282668 -52.956886292 0.011006821 0.999939203 0.000620278 -10.524208069 0.002275703 -0.000645364 0.999997199 369.207946777
0.999933004 -0.011396952 -0.001981489 -53.197486877 0.011396500 0.999934971 -0.000239440 -10.571584702 0.001984089 0.000216842 0.999997973 370.806030273
0.999952614 -0.009550665 -0.001888660 -53.433567047 0.009547401 0.999952912 -0.001728399 -10.613958359 0.001905078 0.001710285 0.999996722 372.413513184
0.999963582 -0.008356334 -0.001696720 -53.672496796 0.008354811 0.999964654 -0.000902182 -10.666364670 0.001704198 0.000887973 0.999998212 374.017517090
0.999975324 -0.006960851 -0.000944902 -53.917255402 0.006960510 0.999975681 -0.000362633 -10.716104507 0.000947403 0.000356047 0.999999464 375.622741699
0.999973476 -0.007197854 -0.001043858 -54.150703430 0.007197239 0.999973893 -0.000591945 -10.767844200 0.001048091 0.000584416 0.999999225 377.242889404
0.999978006 -0.006620874 -0.000442172 -54.388843536 0.006620165 0.999976814 -0.001587456 -10.818716049 0.000452672 0.001584494 0.999998569 378.842773438
0.999978602 -0.006523408 -0.000542483 -54.623371124 0.006522381 0.999976933 -0.001874634 -10.868302345 0.000554699 0.001871055 0.999998093 380.459747314
0.999982595 -0.005896711 0.000015635 -54.859687805 0.005896731 0.999980688 -0.001970384 -10.918176651 -0.000004016 0.001970442 0.999998033 382.058380127
0.999991477 -0.004079203 0.000669411 -55.102123260 0.004080854 0.999988616 -0.002484681 -10.964609146 -0.000659268 0.002487391 0.999996662 383.678375244
