1.000000000 0.000000000 0.000000000 0.000000000 0.000000000 1.000000000 0.000000000 0.000000000 0.000000000 0.000000000 1.000000000 0.000000000
1.000000000 -0.000141620 0.000082353 -0.012809874 0.000141502 0.999998987 0.001423299 -0.013183954 -0.000082555 -0.001423288 0.999998987 1.318621397
0.999998569 -0.001612050 -0.000546121 -0.013811828 0.001613075 0.999996901 0.001881718 -0.041239198 0.000543086 -0.001882596 0.999998093 2.617064953
0.999995589 -0.002921730 -0.000558330 -0.017854709 0.002922245 0.999995291 0.000922836 -0.057853203 0.000555631 -0.000924463 0.999999344 3.926254272
0.999994814 -0.003185248 -0.000555927 -0.026668195 0.003185818 0.999994338 0.001028265 -0.075832106 0.000552648 -0.001030031 0.999999285 5.252881050
0.999992609 -0.003800497 -0.000478980 -0.028112289 0.003801454 0.999990761 0.002012415 -0.102899089 0.000471327 -0.002014221 0.999997854 6.567409515
0.999987066 -0.005090470 -0.000276683 -0.037464242 0.005091318 0.999982178 0.003153385 -0.117677942 0.000260626 -0.003154753 0.999994993 7.880200863
0.999988437 -0.004801263 -0.000360518 -0.042916305 0.004802567 0.999981582 0.003707501 -0.138097897 0.000342710 -0.003709189 0.999993026 9.227025032
0.999992788 -0.003787671 -0.000559619 -0.047963776 0.003788662 0.999991298 0.001780436 -0.153814793 0.000552871 -0.001782543 0.999998271 10.579460144
0.999998331 -0.001526881 -0.000932355 -0.056617897 0.001526931 0.999998808 0.000052515 -0.181793705 0.000932274 -0.000053939 0.999999583 11.910121918
0.999997258 0.002261123 -0.000458982 -0.073262043 -0.002261463 0.999997139 -0.000742374 -0.205044925 0.000457302 0.000743410 0.999999642 13.254130363
0.999989569 0.004538339 -0.000383951 -0.095409162 -0.004538717 0.999989152 -0.000991359 -0.222191185 0.000379448 0.000993091 0.999999464 14.584486008
0.999983966 0.005647270 -0.000424264 -0.100052550 -0.005647365 0.999984026 -0.000224606 -0.241214037 0.000422989 0.000226998 0.999999881 15.939728737
0.999994278 0.003323099 0.000525248 -0.116768159 -0.003324379 0.999991477 0.002454730 -0.262625813 -0.000517086 -0.002456462 0.999996841 17.295537949
0.999999404 -0.000924983 0.000615372 -0.118922815 0.000922297 0.999990165 0.004349727 -0.281988889 -0.000619389 -0.004349156 0.999990344 18.649728775
0.999994814 -0.003218826 0.000097328 -0.117503949 0.003218646 0.999993324 0.001794144 -0.294482023 -0.000103102 -0.001793821 0.999998391 20.000232697
0.999989927 -0.004504819 0.000122117 -0.125657171 0.004504807 0.999989867 0.000094043 -0.316574872 -0.000122539 -0.000093492 1.000000000 21.354194641
0.999998391 -0.001595253 0.000924180 -0.135479763 0.001596684 0.999997497 -0.001549229 -0.338357031 -0.000921706 0.001550702 0.999998391 22.708703995
0.999998271 0.001109479 0.001436107 -0.140833065 -0.001110182 0.999999225 0.000488912 -0.357742339 -0.001435563 -0.000490506 0.999998927 24.083971024
0.999998450 0.001087653 0.001404857 -0.130148336 -0.001093752 0.999989867 0.004348144 -0.382487118 -0.001400114 -0.004349674 0.999989629 25.487276077
0.999995291 -0.001075328 0.002870152 -0.164797783 0.001057579 0.999980330 0.006178504 -0.394813985 -0.002876740 -0.006175439 0.999976754 26.833753586
0.999983728 -0.005227780 0.002271202 -0.158293769 0.005218077 0.999977291 0.004257059 -0.409325123 -0.002293405 -0.004245138 0.999988317 28.207618713
0.999982476 -0.005445820 0.002334423 -0.163353935 0.005441022 0.999983072 0.002056188 -0.429212332 -0.002345582 -0.002043450 0.999995172 29.587511063
0.999979496 -0.005844647 0.002633912 -0.158341482 0.005846510 0.999982655 -0.000700755 -0.445012987 -0.002629771 0.000716140 0.999996305 30.980241776
0.999990940 -0.002356762 0.003584107 -0.173110753 0.002360617 0.999996662 -0.001071637 -0.474495232 -0.003581570 0.001080088 0.999993026 32.355384827
0.999993503 -0.001022278 0.003465201 -0.174576432 0.001034913 0.999992847 -0.003646543 -0.494005203 -0.003461448 0.003650105 0.999987364 33.732784271
0.999992251 -0.000817502 0.003843715 -0.174538523 0.000827525 0.999996245 -0.002606757 -0.520198643 -0.003841570 0.002609918 0.999989212 35.123157501
0.999992847 -0.000585706 0.003733580 -0.184416071 0.000590727 0.999998868 -0.001343891 -0.547171950 -0.003732789 0.001346087 0.999992073 36.505615234
0.999992728 0.000705745 0.003750795 -0.193801478 -0.000706724 0.999999702 0.000259645 -0.570535302 -0.003750611 -0.000262294 0.999992847 37.913272858
0.999988854 0.003119992 0.003531858 -0.200088829 -0.003122208 0.999994814 0.000622164 -0.592450321 -0.003529899 -0.000633184 0.999993503 39.319385529
0.999975324 0.005875690 0.003857910 -0.208790272 -0.005875713 0.999982715 -0.000005385 -0.610402167 -0.003857875 -0.000017283 0.999992549 40.715183258
0.999963582 0.007768206 0.003517909 -0.209992081 -0.007770691 0.999969482 0.000692868 -0.634051323 -0.003512420 -0.000720180 0.999993563 42.127609253
0.999958038 0.008537129 0.003318013 -0.221720144 -0.008539277 0.999963343 0.000634124 -0.653563201 -0.003312478 -0.000662431 0.999994278 43.523860931
0.999963582 0.007844513 0.003372455 -0.236699119 -0.007846399 0.999969125 0.000546094 -0.674969614 -0.003368066 -0.000572535 0.999994159 44.926464081
0.999973834 0.006858945 0.002300420 -0.239919245 -0.006859192 0.999976456 0.000099385 -0.697519124 -0.002299684 -0.000115161 0.999997377 46.315341949
0.999979556 0.006244651 0.001457598 -0.246449515 -0.006245110 0.999980509 0.000310678 -0.721800506 -0.001455629 -0.000319775 0.999998927 47.713413239
0.999979913 0.006328204 0.000172982 -0.250655979 -0.006328490 0.999978542 0.001703484 -0.744935274 -0.000162198 -0.001704544 0.999998569 49.142551422
0.999972641 0.007375685 -0.000435680 -0.267805696 -0.007375152 0.999972045 0.001215933 -0.762585282 0.000444636 -0.001212686 0.999999166 50.561393738
0.999971569 0.007315474 -0.001847583 -0.281564623 -0.007312288 0.999971747 0.001725053 -0.782723665 0.001860150 -0.001711494 0.999996841 51.964309692
0.999966860 0.007776001 -0.002381079 -0.305936515 -0.007769125 0.999965668 0.002883483 -0.803378880 0.002403419 -0.002864889 0.999992967 53.355453491
0.999973655 0.006595402 -0.003009093 -0.316763759 -0.006583122 0.999970019 0.004072512 -0.823677480 0.003035862 -0.004052596 0.999987185 54.791904449
0.999981999 0.004791386 -0.003603798 -0.331496537 -0.004777760 0.999981582 0.003779920 -0.837514520 0.003621842 -0.003762634 0.999986351 56.228607178
0.999989927 0.002472247 -0.003737383 -0.348107338 -0.002460050 0.999991715 0.003264521 -0.854393423 0.003745423 -0.003255294 0.999987721 57.644771576
0.999991655 0.001419441 -0.003821973 -0.365133047 -0.001404470 0.999991298 0.003916897 -0.881646812 0.003827500 -0.003911497 0.999984980 59.051906586
0.999994159 0.000157088 -0.003409388 -0.373105913 -0.000141592 0.999989629 0.004545056 -0.899578094 0.003410067 -0.004544547 0.999983847 60.481029510
0.999995112 -0.000973029 -0.003009158 -0.385057807 0.000988028 0.999987066 0.004986811 -0.915093899 0.003004267 -0.004989760 0.999983013 61.898864746
0.999992788 -0.003004874 -0.002345507 -0.397714227 0.003016827 0.999982357 0.005109108 -0.940463781 0.002330114 -0.005116147 0.999984145 63.302726746
0.999990761 -0.003994330 -0.001604979 -0.408729792 0.004000718 0.999983966 0.003996833 -0.960041225 0.001588988 -0.004003217 0.999990702 64.697265625
0.999988616 -0.004590659 -0.001295784 -0.404427469 0.004595763 0.999981582 0.003963849 -0.982042491 0.001277564 -0.003969759 0.999991298 66.111305237
0.999997437 -0.002261826 -0.000515761 -0.419902116 0.002263618 0.999991298 0.003501163 -1.001916051 0.000507837 -0.003502321 0.999993682 67.509880066
0.999999583 0.000839976 0.000228966 -0.436715066 -0.000841033 0.999988735 0.004657022 -1.019014597 -0.000225051 -0.004657212 0.999989152 68.905113220
0.999991596 0.003990940 0.001006056 -0.449194610 -0.003996947 0.999973774 0.006041236 -1.040016413 -0.000981919 -0.006045206 0.999981284 70.305290222
0.999963999 0.008321050 0.001624635 -0.464686364 -0.008331672 0.999943137 0.006643741 -1.061160564 -0.001569260 -0.006657039 0.999976635 71.679306030
0.999915302 0.012804447 0.002321041 -0.478118390 -0.012818502 0.999898911 0.006144727 -1.075336099 -0.002242127 -0.006173959 0.999978483 73.079025269
0.999870062 0.015837796 0.003007873 -0.495498478 -0.015854664 0.999858201 0.005668707 -1.096321225 -0.002917667 -0.005715659 0.999979377 74.475120544
0.999844611 0.017289788 0.003431394 -0.497331232 -0.017308604 0.999834836 0.005531155 -1.113097668 -0.003335196 -0.005589688 0.999978840 75.871826172
0.999840021 0.017542163 0.003465598 -0.497803956 -0.017562144 0.999828756 0.005821776 -1.125787973 -0.003362878 -0.005881709 0.999977052 77.289970398
0.999843836 0.017217975 0.003980099 -0.513768613 -0.017238887 0.999837339 0.005280775 -1.144778252 -0.003888528 -0.005348563 0.999978125 78.686866760
0.999866247 0.015919562 0.003759515 -0.518045783 -0.015935682 0.999863744 0.004297014 -1.160858870 -0.003690596 -0.004356349 0.999983728 80.075454712
0.999879539 0.015092738 0.003616658 -0.518644452 -0.015109053 0.999875605 0.004527525 -1.183794022 -0.003547875 -0.004581624 0.999983191 81.433647156
0.999881744 0.015022930 0.003280436 -0.519132435 -0.015037561 0.999876857 0.004481907 -1.198922157 -0.003212701 -0.004530707 0.999984562 82.827117920
0.999896824 0.014136361 0.002526053 -0.516202331 -0.014146553 0.999891698 0.004064826 -1.214986205 -0.002468318 -0.004100143 0.999988556 84.209274292
0.999896705 0.014256783 0.001809383 -0.525725782 -0.014264808 0.999888122 0.004502000 -1.231236100 -0.001744997 -0.004527347 0.999988198 85.568305969
0.999900103 0.014105794 0.000893800 -0.528424144 -0.014110158 0.999887526 0.005081215 -1.250492930 -0.000822025 -0.005093319 0.999986708 86.932441711
0.999927938 0.012003294 -0.000076805 -0.542686284 -0.012002673 0.999912143 0.005625340 -1.260470152 0.000144321 -0.005624013 0.999984205 88.361785889
0.999948919 0.009992917 -0.001511857 -0.541591167 -0.009982484 0.999927461 0.006756206 -1.294943452 0.001579261 -0.006740768 0.999976039 89.679336548
0.999968469 0.007521387 -0.002587417 -0.544867516 -0.007503517 0.999948382 0.006848241 -1.313158393 0.002638792 -0.006828611 0.999973178 91.041252136
0.999973774 0.006680103 -0.002800973 -0.558510303 -0.006662824 0.999958932 0.006133686 -1.328308702 0.002841832 -0.006114863 0.999977291 92.413215637
0.999979198 0.005452487 -0.003442003 -0.561414778 -0.005431884 0.999967456 0.005967070 -1.352551937 0.003474426 -0.005948250 0.999976277 93.730407715
0.999976635 0.005836904 -0.003568810 -0.576879919 -0.005819160 0.999970794 0.004962097 -1.362387896 0.003597669 -0.004941213 0.999981284 95.103614807
0.999979734 0.005340590 -0.003470519 -0.591574967 -0.005324129 0.999974549 0.004735222 -1.384858489 0.003495720 -0.004716648 0.999982774 96.458518982
0.999976039 0.005961870 -0.003502065 -0.606012285 -0.005946568 0.999972761 0.004363670 -1.407833457 0.003527985 -0.004342740 0.999984324 97.796607971
0.999967754 0.007526675 -0.002809044 -0.626486301 -0.007514711 0.999962747 0.004245782 -1.420448661 0.002840896 -0.004224536 0.999987006 99.133689880
0.999966145 0.007834774 -0.002548246 -0.640747964 -0.007819958 0.999952793 0.005772956 -1.438054085 0.002593355 -0.005752832 0.999980152 100.485466003
0.999952316 0.009500133 -0.002241684 -0.657758534 -0.009483890 0.999929488 0.007148691 -1.458959103 0.002309439 -0.007127092 0.999971926 101.812431335
0.999956727 0.009123885 -0.001834615 -0.673642039 -0.009112926 0.999941111 0.005894242 -1.474299312 0.001888285 -0.005877268 0.999980986 103.150932312
0.999957681 0.008988861 -0.001936707 -0.684786797 -0.008982450 0.999954164 0.003294004 -1.492581964 0.001966228 -0.003276468 0.999992728 104.453048706
0.999964774 0.008103605 -0.002191297 -0.690614820 -0.008099014 0.999964952 0.002096508 -1.508669853 0.002208210 -0.002078686 0.999995410 105.805328369
0.999981225 0.005796863 -0.001986552 -0.703817308 -0.005789998 0.999977291 0.003444229 -1.533365726 0.002006472 -0.003432662 0.999992073 107.128936768
0.999993324 0.003403919 -0.001316199 -0.709918559 -0.003396720 0.999979436 0.005434451 -1.551426888 0.001334670 -0.005429944 0.999984324 108.475242615
0.999997675 0.002077903 -0.000470118 -0.719845772 -0.002075107 0.999980628 0.005871540 -1.567253113 0.000482309 -0.005870550 0.999982655 109.803123474
0.999999464 0.000969959 0.000327314 -0.725887060 -0.000971420 0.999989569 0.004495258 -1.583953261 -0.000322951 -0.004495573 0.999989808 111.119201660
0.999994636 0.003064464 0.001179766 -0.738787532 -0.003066856 0.999993265 0.002030743 -1.603801250 -0.001173535 -0.002034350 0.999997258 112.456268311
0.999982774 0.005333732 0.002482581 -0.745913029 -0.005334098 0.999985754 0.000140676 -1.625948071 -0.002481795 -0.000153916 0.999996960 113.790954590
0.999957442 0.008428949 0.003732439 -0.754665911 -0.008429198 0.999964476 0.000050498 -1.647536159 -0.003731881 -0.000081957 0.999993026 115.090026855
0.999938846 0.009566491 0.005534983 -0.761080563 -0.009580138 0.999951124 0.002444311 -1.672001600 -0.005511329 -0.002497188 0.999981701 116.444595337
0.999931276 0.009688047 0.006616790 -0.765828550 -0.009716182 0.999943793 0.004232959 -1.690641880 -0.006575411 -0.004296958 0.999969125 117.763099670
0.999929726 0.009160995 0.007521337 -0.763850808 -0.009195627 0.999947309 0.004582826 -1.704932332 -0.007478957 -0.004651668 0.999961257 119.097145081
0.999914289 0.009852748 0.008620736 -0.760057628 -0.009887554 0.999943078 0.004004222 -1.719756961 -0.008580794 -0.004089118 0.999954820 120.444740295
0.999884307 0.011381216 0.010091878 -0.752243042 -0.011420695 0.999927342 0.003862912 -1.741357803 -0.010047181 -0.003977721 0.999941528 121.787208557
0.999840200 0.013845308 0.011308211 -0.758466840 -0.013880900 0.999898911 0.003075040 -1.753774643 -0.011264493 -0.003231517 0.999931335 123.143661499
0.999821067 0.014332791 0.012344302 -0.751465917 -0.014360629 0.999894500 0.002169561 -1.770736814 -0.012311904 -0.002346445 0.999921441 124.494293213
0.999788940 0.015735401 0.013207893 -0.742578745 -0.015752576 0.999875188 0.001197373 -1.793462276 -0.013187404 -0.001405179 0.999912083 125.832427979
0.999790251 0.014635783 0.014325061 -0.734453261 -0.014651371 0.999892116 0.000983827 -1.810320854 -0.014309117 -0.001193502 0.999897003 127.181327820
0.999786198 0.014220241 0.015007669 -0.718809366 -0.014256863 0.999895632 0.002336046 -1.835008860 -0.014972883 -0.002549509 0.999884665 128.545501709
0.999798357 0.012594269 0.015638813 -0.703627408 -0.012638956 0.999916315 0.002762023 -1.848756790 -0.015602717 -0.002959124 0.999873936 129.892196655
0.999785423 0.012573970 0.016467595 -0.696858585 -0.012631067 0.999914527 0.003367736 -1.870400786 -0.016423844 -0.003575015 0.999858737 131.251632690
0.999814451 0.010177404 0.016351802 -0.676661909 -0.010236509 0.999941289 0.003535029 -1.885499597 -0.016314866 -0.003701758 0.999860108 132.607559204
0.999827385 0.008806146 0.016358266 -0.663593590 -0.008874404 0.999952197 0.004104822 -1.906877995 -0.016321335 -0.004249283 0.999857724 133.981292725
0.999848068 0.007338590 0.015808955 -0.651833713 -0.007400086 0.999965310 0.003834976 -1.924728155 -0.015780263 -0.003951381 0.999867618 135.332916260
0.999877095 0.006027859 0.014472149 -0.635970473 -0.006080470 0.999975026 0.003594062 -1.940036416 -0.014450123 -0.003681618 0.999888778 136.676651001
0.999898612 0.004899858 0.013372187 -0.623745322 -0.004956684 0.999978781 0.004219700 -1.954300284 -0.013351226 -0.004285554 0.999901652 138.032653809
0.999916911 0.003143475 0.012496398 -0.615136623 -0.003202898 0.999983668 0.004738004 -1.979979396 -0.012481301 -0.004777635 0.999910712 139.375518799
0.999933362 0.002720745 0.011219127 -0.609294593 -0.002774797 0.999984622 0.004805088 -1.997781515 -0.011205883 -0.004835899 0.999925494 140.706848145
0.999947965 0.002187932 0.009966392 -0.598719954 -0.002230904 0.999988258 0.004302620 -2.017284870 -0.009956862 -0.004324631 0.999941051 142.045700073
0.999956608 0.002163018 0.009062837 -0.599501491 -0.002199432 0.999989510 0.004009973 -2.035199165 -0.009054069 -0.004029731 0.999950826 143.379821777
0.999965429 0.000097774 0.008313500 -0.591978073 -0.000110647 0.999998808 0.001547974 -2.053882122 -0.008313341 -0.001548840 0.999964237 144.727554321
0.999958813 -0.005218444 0.007438079 -0.585334122 0.005211645 0.999986053 0.000933202 -2.073004723 -0.007442846 -0.000894399 0.999971867 146.071548462
0.999894857 -0.012936416 0.006548570 -0.575338244 0.012913696 0.999910474 0.003500061 -2.098916292 -0.006593262 -0.003415127 0.999972343 147.417724609
0.999791086 -0.019813154 0.005011452 -0.563685775 0.019787535 0.999791145 0.005110914 -2.116863012 -0.005111668 -0.005010682 0.999974310 148.752609253
0.999723792 -0.023160540 0.003980907 -0.550259173 0.023154303 0.999730647 0.001605370 -2.135491610 -0.004017016 -0.001512752 0.999990702 150.100585938
0.999728918 -0.022875592 0.004359978 -0.562689841 0.022881752 0.999737203 -0.001367775 -2.163918495 -0.004327544 0.001467168 0.999989510 151.422592163
0.999792457 -0.019668387 0.005307479 -0.571574211 0.019684920 0.999801457 -0.003081095 -2.194045067 -0.005245825 0.003184933 0.999981105 152.737106323
0.999789774 -0.019607702 0.005996441 -0.566694975 0.019628379 0.999801517 -0.003408920 -2.214679956 -0.005928409 0.003525904 0.999976218 154.106933594
0.999716818 -0.022887215 0.006504791 -0.564969003 0.022888858 0.999737978 -0.000178408 -2.237498045 -0.006499004 0.000327244 0.999978900 155.448226929
0.999572933 -0.028421784 0.006797803 -0.546172798 0.028403232 0.999592602 0.002810156 -2.263948202 -0.006874903 -0.002615877 0.999972880 156.800048828
0.999460220 -0.032000910 0.007436905 -0.545246899 0.031965878 0.999477506 0.004782502 -2.286756992 -0.007586064 -0.004542192 0.999960840 158.132934570
0.999405384 -0.033820100 0.006718028 -0.523883820 0.033792302 0.999419987 0.004210053 -2.303411484 -0.006856516 -0.003980532 0.999968588 159.490753174
0.999458015 -0.032025490 0.007625456 -0.525354028 0.031988211 0.999476016 0.004961838 -2.320315599 -0.007780366 -0.004715225 0.999958634 160.824279785
0.999556243 -0.028518133 0.008605856 -0.515721202 0.028481936 0.999585032 0.004300107 -2.343571186 -0.008724917 -0.004053088 0.999953747 162.190917969
0.999643326 -0.024590727 0.010415936 -0.539181411 0.024569718 0.999695837 0.002140142 -2.361773014 -0.010465394 -0.001883462 0.999943435 163.523239136
0.999701142 -0.021626567 0.011392496 -0.534038663 0.021612745 0.999765575 0.001334905 -2.375963449 -0.011418694 -0.001088283 0.999934196 164.874694824
0.999745190 -0.019229934 0.011820318 -0.535387158 0.019198939 0.999811947 0.002730411 -2.401787996 -0.011870601 -0.002502778 0.999926388 166.218994141
0.999783874 -0.017549573 0.011138883 -0.518244386 0.017527141 0.999844134 0.002108484 -2.419805765 -0.011174152 -0.001912795 0.999935746 167.590560913
0.999829173 -0.014843553 0.011022930 -0.513679504 0.014849141 0.999889672 -0.000425083 -2.436770916 -0.011015405 0.000588691 0.999939144 168.954803467
0.999885440 -0.010758845 0.010647704 -0.511478484 0.010794491 0.999936342 -0.003295779 -2.458617449 -0.010611567 0.003410338 0.999937892 170.309524536
0.999926329 -0.005868024 0.010627527 -0.511015415 0.005914100 0.999973178 -0.004309386 -2.489325285 -0.010601954 0.004371921 0.999934196 171.668991089
0.999938786 -0.001121833 0.011003622 -0.511500418 0.001156426 0.999994338 -0.003137941 -2.514179945 -0.011000041 0.003150474 0.999934554 173.044189453
0.999929845 0.001723802 0.011718974 -0.511989057 -0.001709664 0.999997795 -0.001216395 -2.539963245 -0.011721047 0.001196274 0.999930620 174.404922485
0.999922812 0.003295039 0.011976160 -0.513206959 -0.003307366 0.999993980 0.001009657 -2.561128855 -0.011972760 -0.001049189 0.999927819 175.791076660
0.999938190 -0.000813218 0.011087885 -0.498237342 0.000789068 0.999997258 0.002182245 -2.583938122 -0.011089628 -0.002173362 0.999936163 177.147750854
0.999953270 -0.002825488 0.009242363 -0.484335333 0.002805155 0.999993622 0.002212223 -2.599850178 -0.009248554 -0.002186194 0.999954820 178.538314819
0.999967813 -0.002897991 0.007496277 -0.481681049 0.002913790 0.999993563 -0.002097382 -2.623869658 -0.007490151 0.002119157 0.999969721 179.917358398
0.999981940 -0.001301625 0.005862039 -0.474931777 0.001339736 0.999977946 -0.006502097 -2.648492813 -0.005853447 0.006509834 0.999961734 181.316375732
0.999979258 0.003625851 0.005313477 -0.482598692 -0.003589948 0.999970734 -0.006750937 -2.681745291 -0.005337799 0.006731721 0.999963105 182.718521118
0.999959886 0.007316929 0.005164634 -0.488254040 -0.007285938 0.999955475 -0.005994170 -2.710950375 -0.005208265 0.005956300 0.999968708 184.111679077
0.999939620 0.009394243 0.005700174 -0.498596787 -0.009380098 0.999952853 -0.002503207 -2.741804600 -0.005723421 0.002449587 0.999980628 185.501205444
0.999932110 0.010078869 0.005846812 -0.493989587 -0.010077300 0.999949157 -0.000297760 -2.768048525 -0.005849516 0.000238820 0.999982834 186.895050049
0.999932945 0.009759117 0.006231984 -0.496076405 -0.009760923 0.999952376 0.000259332 -2.783047676 -0.006229155 -0.000320145 0.999980509 188.304031372
0.999952376 0.007819881 0.005834352 -0.486536205 -0.007824623 0.999969065 0.000790450 -2.801262379 -0.005827990 -0.000836065 0.999982655 189.752426147
0.999968112 0.005183216 0.006083470 -0.485134453 -0.005193201 0.999985158 0.001626684 -2.828629017 -0.006074948 -0.001658225 0.999980092 191.181732178
0.999977589 0.002645345 0.006170479 -0.475880831 -0.002653307 0.999995649 0.001282372 -2.842512846 -0.006167060 -0.001298715 0.999980152 192.611907959
0.999979436 -0.000581767 0.006389292 -0.468371302 0.000566596 0.999996901 0.002375922 -2.864128590 -0.006390655 -0.002372253 0.999976754 194.033187866
0.999963999 -0.005097468 0.006776667 -0.460099727 0.005069707 0.999978721 0.004107385 -2.883939028 -0.006797460 -0.004072880 0.999968588 195.487792969
0.999948680 -0.007182844 0.007144582 -0.452040493 0.007156241 0.999967396 0.003742227 -2.896080732 -0.007171229 -0.003690906 0.999967456 196.922042847
0.999955893 -0.005233931 0.007801205 -0.457444131 0.005238092 0.999986172 -0.000513000 -2.921354294 -0.007798411 0.000553841 0.999969423 198.357162476
0.999966860 0.002051095 0.007874899 -0.458169639 -0.002008096 0.999983072 -0.005464241 -2.944796324 -0.007885973 0.005448246 0.999954045 199.773391724
0.999886990 0.011501257 0.009683676 -0.473811328 -0.011446862 0.999918461 -0.005654160 -2.974295855 -0.009747918 0.005542674 0.999937057 201.226989746
0.999772191 0.018655837 0.010369473 -0.477276802 -0.018635076 0.999824166 -0.002094944 -2.998816013 -0.010406733 0.001901232 0.999943972 202.656311035
0.999733806 0.019918706 0.011641333 -0.482432246 -0.019925367 0.999801338 0.000456311 -3.030015230 -0.011629932 -0.000688147 0.999932110 204.092330933
0.999782801 0.017641937 0.011093928 -0.471476734 -0.017650243 0.999844015 0.000651357 -3.047115803 -0.011080707 -0.000847026 0.999938190 205.537246704
0.999845743 0.014432940 0.010011511 -0.462898940 -0.014438407 0.999895513 0.000473700 -3.069194555 -0.010003629 -0.000618177 0.999949753 206.974990845
0.999868870 0.012950205 0.009721538 -0.469126940 -0.012954764 0.999915957 0.000406031 -3.097396612 -0.009715463 -0.000531918 0.999952674 208.416839600
0.999872088 0.013143074 0.009120621 -0.458523363 -0.013145361 0.999913633 0.000190867 -3.120952368 -0.009117326 -0.000310737 0.999958396 209.888275146
0.999854088 0.014345525 0.009275924 -0.459696084 -0.014351092 0.999896884 0.000533758 -3.148772478 -0.009267311 -0.000666799 0.999956846 211.335205078
0.999846339 0.015042920 0.008996899 -0.450264931 -0.015056099 0.999885619 0.001398696 -3.172454834 -0.008974830 -0.001533940 0.999958515 212.796569824
0.999851704 0.014685834 0.008996828 -0.450339109 -0.014696867 0.999891341 0.001161222 -3.198044538 -0.008978796 -0.001293275 0.999958813 214.279373169
0.999856830 0.014536722 0.008662798 -0.443013877 -0.014534211 0.999894321 -0.000352955 -3.218193531 -0.008667014 0.000226998 0.999962449 215.754959106
0.999869466 0.013780446 0.008433533 -0.438886017 -0.013777508 0.999904931 -0.000406153 -3.238492966 -0.008438329 0.000289907 0.999964356 217.225433350
0.999865472 0.014214469 0.008187337 -0.437041372 -0.014210699 0.999898851 -0.000518602 -3.261413336 -0.008193878 0.000402184 0.999966323 218.705734253
0.999857962 0.014751529 0.008140692 -0.439044684 -0.014745645 0.999890924 -0.000782337 -3.282575130 -0.008151342 0.000662186 0.999966562 220.183853149
0.999866903 0.014516261 0.007445938 -0.429434747 -0.014511050 0.999894440 -0.000753245 -3.313176870 -0.007456087 0.000645097 0.999971986 221.668304443
0.999854088 0.015381914 0.007445220 -0.431335181 -0.015375148 0.999881327 -0.000965648 -3.338608742 -0.007459191 0.000851035 0.999971807 223.154541016
0.999855518 0.015474840 0.007037828 -0.429385692 -0.015466757 0.999879658 -0.001201787 -3.361675978 -0.007055579 0.001092761 0.999974549 224.635253906
0.999853671 0.015687948 0.006817819 -0.431608438 -0.015679639 0.999876201 -0.001270466 -3.382933855 -0.006836906 0.001163378 0.999975920 226.138168335
0.999868691 0.014730243 0.006764381 -0.429802835 -0.014720158 0.999890387 -0.001538486 -3.405276060 -0.006786302 0.001438711 0.999975920 227.633697510
0.999884665 0.013595431 0.006773429 -0.426658452 -0.013586182 0.999906719 -0.001409956 -3.436463118 -0.006791967 0.001317768 0.999976039 229.133773804
0.999899209 0.012175914 0.007309186 -0.432878047 -0.012168800 0.999925435 -0.001016862 -3.465647459 -0.007321022 0.000927815 0.999972761 230.630508423
0.999913216 0.010878753 0.007427212 -0.424350679 -0.010876249 0.999940753 -0.000377751 -3.488509893 -0.007430882 0.000296939 0.999972343 232.153137207
0.999912620 0.011011371 0.007309306 -0.420828164 -0.011011734 0.999939322 0.000009201 -3.514150858 -0.007308761 -0.000089688 0.999973297 233.656295776
0.999899924 0.011737845 0.007891232 -0.426571548 -0.011734346 0.999931037 -0.000489592 -3.542325974 -0.007896434 0.000396945 0.999968767 235.166549683
0.999890327 0.012336279 0.008189805 -0.421991885 -0.012328390 0.999923468 -0.001012950 -3.570176125 -0.008201674 0.000911872 0.999965966 236.674133301
0.999866128 0.013727630 0.008905547 -0.422588944 -0.013727491 0.999905765 -0.000076824 -3.598463297 -0.008905763 -0.000045437 0.999960363 238.176696777
0.999847472 0.014456319 0.009796530 -0.424846798 -0.014471442 0.999894202 0.001474600 -3.618016243 -0.009774176 -0.001616145 0.999950886 239.687774658
0.999848247 0.014050352 0.010300304 -0.418160647 -0.014073080 0.999898612 0.002137284 -3.639255047 -0.010269231 -0.002281917 0.999944687 241.207305908
0.999829233 0.014797065 0.011064278 -0.408673257 -0.014803421 0.999890327 0.000492625 -3.665004730 -0.011055774 -0.000656330 0.999938667 242.698486328
0.999816298 0.015338388 0.011494348 -0.394470811 -0.015327119 0.999881983 -0.001067847 -3.686154842 -0.011509369 0.000891476 0.999933422 244.212371826
0.999816358 0.015257725 0.011593474 -0.383671731 -0.015255420 0.999883592 -0.000287512 -3.712017298 -0.011596511 0.000110596 0.999932766 245.745590210
0.999823391 0.015031998 0.011281865 -0.364466995 -0.015041115 0.999886632 0.000723639 -3.737460613 -0.011269706 -0.000893203 0.999936044 247.282394409
0.999815166 0.015707742 0.011088961 -0.355845481 -0.015718183 0.999876022 0.000854797 -3.757938385 -0.011074160 -0.001028937 0.999938190 248.819396973
0.999824643 0.015446161 0.010588378 -0.341350943 -0.015461040 0.999879539 0.001324712 -3.790639877 -0.010566641 -0.001488187 0.999943018 250.362487793
0.999789596 0.017158840 0.011238597 -0.337515801 -0.017178655 0.999850988 0.001668957 -3.812909842 -0.011208287 -0.001861670 0.999935448 251.903656006
0.999763429 0.018780366 0.010973363 -0.325463533 -0.018792888 0.999822855 0.001039081 -3.829251528 -0.010951905 -0.001245057 0.999939263 253.460418701
0.999756753 0.018888053 0.011390749 -0.319078445 -0.018905045 0.999820292 0.001385890 -3.852071047 -0.011362525 -0.001600895 0.999934196 254.999008179
0.999783278 0.017624119 0.011082397 -0.309804261 -0.017642627 0.999843061 0.001574280 -3.877665758 -0.011052911 -0.001769462 0.999937356 256.559020996
0.999805748 0.016167218 0.011274706 -0.298846841 -0.016195780 0.999865830 0.002446720 -3.901988983 -0.011233635 -0.002628848 0.999933481 258.080322266
0.999845326 0.013807823 0.010898929 -0.283868313 -0.013836634 0.999900997 0.002572562 -3.914025068 -0.010862329 -0.002722968 0.999937356 259.610717773
0.999857247 0.012523827 0.011337533 -0.288157970 -0.012547218 0.999919295 0.001994235 -3.933971405 -0.011311641 -0.002136205 0.999933720 261.139709473
0.999879360 0.011430339 0.010519071 -0.271000028 -0.011438644 0.999934316 0.000729785 -3.952796936 -0.010510039 -0.000850021 0.999944389 262.692474365
0.999892831 0.009799659 0.010873954 -0.253457904 -0.009828063 0.999948442 0.002561756 -3.977510929 -0.010848290 -0.002668352 0.999937594 264.259979248
0.999904037 0.007628337 0.011561757 -0.244232103 -0.007678862 0.999961197 0.004332017 -3.997879267 -0.011528262 -0.004420382 0.999923706 265.808654785
0.999917686 0.006583049 0.011014060 -0.213711038 -0.006621808 0.999972105 0.003486345 -4.016215324 -0.010990802 -0.003558991 0.999933243 267.391815186
0.999913573 0.006510636 0.011421794 -0.199677169 -0.006534976 0.999976456 0.002094977 -4.031603336 -0.011407886 -0.002169437 0.999932587 268.940887451
0.999897778 0.007264733 0.012316050 -0.189799130 -0.007292520 0.999970973 0.002212727 -4.061451912 -0.012299618 -0.002302315 0.999921620 270.464630127
0.999876201 0.008668512 0.013133441 -0.177127436 -0.008701267 0.999959111 0.002438897 -4.087920666 -0.013111763 -0.002552873 0.999910772 271.997772217
0.999848187 0.010156036 0.014154079 -0.162922025 -0.010181510 0.999946654 0.001728874 -4.103731155 -0.014135767 -0.001872722 0.999898255 273.565643311
0.999821544 0.011229939 0.015189040 -0.148646712 -0.011260761 0.999934673 0.001945187 -4.131876469 -0.015166204 -0.002115880 0.999882698 275.112548828
0.999805987 0.011537095 0.015966918 -0.123438857 -0.011562977 0.999931991 0.001529625 -4.155828476 -0.015948180 -0.001713953 0.999871373 276.660125732
0.999804497 0.011765775 0.015893850 -0.102869980 -0.011776923 0.999930441 0.000607935 -4.176917076 -0.015885593 -0.000794996 0.999873519 278.227325439
0.999780953 0.011165770 0.017703200 -0.091390736 -0.011174515 0.999937594 0.000395074 -4.206042290 -0.017697683 -0.000592812 0.999843180 279.770324707
0.999764442 0.011001418 0.018707620 -0.067743585 -0.011015099 0.999939144 0.000628331 -4.230673313 -0.018699570 -0.000834249 0.999824822 281.335113525
0.999760270 0.010272431 0.019334938 -0.046335377 -0.010298917 0.999946296 0.001270842 -4.247262478 -0.019320840 -0.001469666 0.999812245 282.919891357
0.999769449 0.009275733 0.019364342 -0.020812489 -0.009306405 0.999955595 0.001494444 -4.272590160 -0.019349622 -0.001674311 0.999811411 284.479217529
0.999776065 0.009194831 0.019061111 0.010515783 -0.009182358 0.999957561 -0.000741805 -4.304001808 -0.019067122 0.000566613 0.999817967 286.066101074
0.999792695 0.007766193 0.018827118 0.040871043 -0.007707090 0.999965131 -0.003209768 -4.327722073 -0.018851388 0.003064000 0.999817550 287.635162354
0.999799728 0.007564683 0.018527854 0.060497299 -0.007513059 0.999967694 -0.002854296 -4.359112740 -0.018548844 0.002714523 0.999824226 289.227325439
0.999824882 0.006541768 0.017529387 0.083514310 -0.006492317 0.999974787 -0.002876397 -4.387250900 -0.017547760 0.002762087 0.999842227 290.780303955
0.999849617 0.006371341 0.016123699 0.108365275 -0.006316795 0.999974132 -0.003431690 -4.415638447 -0.016145149 0.003329324 0.999864101 292.339263916
0.999856412 0.006480536 0.015656417 0.123126909 -0.006421119 0.999971926 -0.003842372 -4.440296650 -0.015680879 0.003741289 0.999870062 293.915130615
0.999871850 0.006271616 0.014730184 0.144902289 -0.006224887 0.999975443 -0.003216076 -4.471035004 -0.014749995 0.003123970 0.999886334 295.497955322
0.999884665 0.006217536 0.013853852 0.156693667 -0.006175975 0.999976277 -0.003040716 -4.503863811 -0.013872430 0.002954804 0.999899387 297.061126709
0.999902248 0.005573037 0.012816450 0.169610336 -0.005552721 0.999983251 -0.001620103 -4.533141136 -0.012825266 0.001548778 0.999916553 298.623931885
0.999903321 0.007009663 0.012008954 0.181879923 -0.007005004 0.999975324 -0.000429944 -4.557021141 -0.012011671 0.000345780 0.999927819 300.208374023
0.999892414 0.007177716 0.012793696 0.196351171 -0.007173403 0.999974191 -0.000383079 -4.578198433 -0.012796115 0.000291264 0.999918103 301.801818848
0.999881387 0.007511350 0.013445224 0.213885635 -0.007504907 0.999971688 -0.000529551 -4.605665684 -0.013448822 0.000428583 0.999909461 303.420654297
0.999882817 0.006196927 0.013997667 0.224282444 -0.006185748 0.999980509 -0.000841706 -4.627661228 -0.014002612 0.000755021 0.999901593 305.012573242
0.999889791 0.004587063 0.014120183 0.244078889 -0.004562178 0.999987960 -0.001793958 -4.656138897 -0.014128244 0.001729342 0.999898612 306.604003906
0.999892652 0.002985447 0.014355080 0.267528951 -0.002927318 0.999987423 -0.004068703 -4.675346851 -0.014367047 0.004026244 0.999888659 308.223571777
0.999899924 0.002658792 0.013891958 0.282650709 -0.002592032 0.999985039 -0.004821455 -4.709294796 -0.013904569 0.004784964 0.999891818 309.796630859
0.999923587 0.003313554 0.011907014 0.291501671 -0.003241637 0.999976397 -0.006054034 -4.740508556 -0.011926794 0.006014974 0.999910772 311.407379150
0.999944091 0.004463960 0.009583065 0.299173534 -0.004414947 0.999977112 -0.005129633 -4.770851612 -0.009605743 0.005087037 0.999940932 313.018524170
0.999941766 0.005498042 0.009291374 0.304091722 -0.005479153 0.999982834 -0.002057295 -4.798442841 -0.009302526 0.002006266 0.999954700 314.650604248
0.999947071 0.003743813 0.009574661 0.329584897 -0.003752241 0.999992609 0.000862429 -4.827052593 -0.009571360 -0.000898309 0.999953806 316.281341553
0.999950767 0.003277680 0.009358331 0.338432163 -0.003291297 0.999993503 0.001440107 -4.847783566 -0.009353551 -0.001470838 0.999955237 317.895477295
0.999942601 0.002522780 0.010405881 0.330461949 -0.002525498 0.999996781 0.000248071 -4.865808010 -0.010405221 -0.000274336 0.999945819 319.520050049
0.999942541 0.000991977 0.010675403 0.336370707 -0.000997281 0.999999404 0.000491454 -4.892195225 -0.010674909 -0.000502072 0.999942899 321.131439209
0.999932170 0.001506399 0.011561411 0.325891495 -0.001514097 0.999998629 0.000657133 -4.914715767 -0.011560406 -0.000674594 0.999932945 322.733459473
0.999923825 0.001358174 0.012261728 0.336743772 -0.001364413 0.999998868 0.000500461 -4.940267563 -0.012261034 -0.000517153 0.999924719 324.355194092
0.999917865 0.001979774 0.012662748 0.346586883 -0.001975818 0.999997973 -0.000324915 -4.968664169 -0.012663365 0.000299870 0.999919772 325.971221924
0.999902725 0.003661652 0.013457148 0.356677830 -0.003649435 0.999992907 -0.000932305 -4.998648643 -0.013460467 0.000883103 0.999909043 327.591705322
0.999906123 0.002015193 0.013543300 0.380236089 -0.002029956 0.999997377 0.001076394 -5.027702332 -0.013541096 -0.001103785 0.999907792 329.230957031
0.999900103 0.001114701 0.014090409 0.391306430 -0.001144436 0.999997139 0.002102423 -5.059304714 -0.014088027 -0.002118339 0.999898434 330.819946289
0.999906123 -0.000301680 0.013698864 0.416462332 0.000291224 0.999999642 0.000765215 -5.085051060 -0.013699092 -0.000761154 0.999905884 332.446929932
0.999909043 0.000752347 0.013466543 0.434758961 -0.000764338 0.999999344 0.000885309 -5.109679222 -0.013465869 -0.000895522 0.999908864 334.080902100
0.999908209 0.002658505 0.013280239 0.441321582 -0.002645351 0.999995947 -0.001007994 -5.145709991 -0.013282867 0.000972771 0.999911249 335.694335938
0.999914110 0.004355431 0.012362762 0.456615210 -0.004306910 0.999982953 -0.003948650 -5.173354149 -0.012379749 0.003895066 0.999915779 337.315551758
0.999917626 0.005396460 0.011646161 0.462830603 -0.005358954 0.999980390 -0.003249193 -5.210626125 -0.011663469 0.003186514 0.999926925 338.910522461
0.999922991 0.006455599 0.010595900 0.468724638 -0.006456501 0.999979138 0.000050974 -5.240641594 -0.010595351 -0.000119382 0.999943912 340.490081787
0.999928594 0.007274054 0.009481527 0.475454181 -0.007305364 0.999967933 0.003271831 -5.272689819 -0.009457424 -0.003340863 0.999949694 342.100433350
0.999934435 0.007932209 0.008260402 0.477682471 -0.007947503 0.999966741 0.001820417 -5.294423580 -0.008245688 -0.001885947 0.999964237 343.700439453
0.999958217 0.006773864 0.006139200 0.486214250 -0.006776236 0.999976933 0.000365613 -5.320589066 -0.006136582 -0.000407198 0.999981046 345.292816162
0.999974787 0.005884988 0.003974086 0.498895735 -0.005891198 0.999981403 0.001552921 -5.342014313 -0.003964873 -0.001576293 0.999990880 346.862609863
0.999987006 0.004398147 0.002600436 0.502179086 -0.004403087 0.999988556 0.001897240 -5.367144108 -0.002592062 -0.001908666 0.999994874 348.451293945
0.999988437 0.004012745 0.002658215 0.487105191 -0.004015879 0.999991238 0.001174404 -5.391111374 -0.002653480 -0.001185065 0.999995768 350.036163330
0.999993026 0.003021251 0.002156022 0.489673406 -0.003021552 0.999995410 0.000136398 -5.415761948 -0.002155600 -0.000142912 0.999997616 351.640777588
0.999994218 0.002707572 0.002062025 0.488330692 -0.002707331 0.999996305 -0.000119619 -5.440168858 -0.002062341 0.000114036 0.999997854 353.229675293
0.999995768 0.002054529 0.002083218 0.482352853 -0.002053563 0.999997795 -0.000465492 -5.464440823 -0.002084170 0.000461212 0.999997735 354.817993164
0.999996781 0.001784060 0.001820230 0.480629891 -0.001782347 0.999997973 -0.000941834 -5.496308804 -0.001821907 0.000938587 0.999997914 356.405181885
0.999997199 0.001455241 0.001876626 0.472438335 -0.001452037 0.999997497 -0.001707284 -5.523364067 -0.001879106 0.001704553 0.999996722 358.004119873
0.999998510 0.000726649 0.001612090 0.471798003 -0.000724781 0.999999106 -0.001159287 -5.552125454 -0.001612931 0.001158117 0.999998093 359.591644287
0.999997914 0.001187185 0.001670463 0.469240427 -0.001183752 0.999997199 -0.002054489 -5.587004662 -0.001672897 0.002052508 0.999996424 361.194702148
0.999998271 -0.000157235 0.001857474 0.463749230 0.000163735 0.999993801 -0.003499791 -5.615323544 -0.001856912 0.003500089 0.999992132 362.782562256
0.999996841 -0.001512670 0.002000493 0.456850410 0.001516042 0.999997556 -0.001685460 -5.644506931 -0.001997938 0.001688488 0.999996603 364.378601074
0.999992788 -0.003576651 0.001342372 0.468336016 0.003578176 0.999992967 -0.001135380 -5.671695232 -0.001338301 0.001140175 0.999998450 365.975097656
0.999990702 -0.003651310 0.002297270 0.451538593 0.003655771 0.999991417 -0.001940780 -5.703354359 -0.002290164 0.001949160 0.999995470 367.571594238
0.999992967 -0.002087778 0.003120585 0.438656330 0.002096496 0.999993861 -0.002792926 -5.723513603 -0.003114735 0.002799448 0.999991238 369.194122314
0.999994695 -0.001443412 0.002926810 0.439873368 0.001448608 0.999997318 -0.001774165 -5.763631821 -0.002924241 0.001778395 0.999994159 370.789703369
0.999995053 0.000491038 0.003131288 0.435124367 -0.000488282 0.999999464 -0.000880989 -5.788372993 -0.003131719 0.000879456 0.999994695 372.390594482
0.999995589 0.000049133 0.002979684 0.439397812 -0.000045582 0.999999225 -0.001191669 -5.821475983 -0.002979741 0.001191528 0.999994874 373.995941162
0.999994397 0.000422316 0.003338280 0.423625350 -0.000414293 0.999997020 -0.002403462 -5.841257572 -0.003339285 0.002402065 0.999991596 375.588470459
0.999993026 0.000847208 0.003641400 0.414422005 -0.000838464 0.999996722 -0.002402121 -5.877522469 -0.003643424 0.002399051 0.999990404 377.168823242
0.999992013 0.000837314 0.003901043 0.423146546 -0.000828520 0.999997079 -0.002255181 -5.911302567 -0.003902919 0.002251931 0.999989748 378.794372559
0.999986887 0.002829440 0.004269603 0.409734994 -0.002818968 0.999992967 -0.002456677 -5.934947968 -0.004276524 0.002444609 0.999987841 380.426361084
0.999979079 0.004554565 0.004612763 0.410739869 -0.004544870 0.999987364 -0.002110217 -5.961616993 -0.004622317 0.002089209 0.999987125 382.030456543
0.999964297 0.006377603 0.005547259 0.393349677 -0.006364735 0.999976993 -0.002334309 -5.999239445 -0.005562019 0.002298919 0.999981880 383.658721924
